-99
-104
-102
-95
-86
-78
-69
-67
-60
-53
-44
-36
-35
-28
-24
-25
-30
-27
-22
-11
0
9
10
13
17
20
20
25
33
46
58
60
37
12
-11
-14
-19
-22
-22
-24
-18
-12
-1
2
11
12
20
28
32
39
39
49
53
48
50
52
57
53
61
59
58
46
29
10
-9
-17
-18
-13
-6
5
18
33
48
60
67
84
95
102
103
97
91
82
74
75
74
83
97
107
100
78
47
10
-10
-18
-24
-22
-20
-16
-21
-28
-28
-21
-12
-10
-10
-10
-3
10
20
29
35
41
47
53
62
67
62
57
44
32
16
4
-6
-18
-21
-21
-18
-17
-20
-28
-32
-30
-27
-25
-29
-25
-27
-27
-26
-22
-16
-9
4
12
18
30
34
42
46
50
44
35
19
2
-9
-14
-15
-17
-17
-8
2
9
15
24
32
44
51
59
68
85
105
119
128
129
128
123
122
116
115
115
121
122
120
113
103
94
88
81
69
56
48
39
30
21
11
5
-7
-20
-31
-41
-45
-48
-51
-50
-45
-39
-35
-28
-21
-18
-14
-16
-24
-31
-40
-44
-53
-60
-59
-57
-54
-57
-55
-58
-54
-50
-46
-43
-31
-20
-11
-5
-5
-5
-12
-5
-5
-1
7
17
17
9
3
-7
-12
-21
-29
-40
-61
-75
-91
-99
-106
-109
-115
-117
-119
-124
-129
-140
-146
-159
-171
-180
-185
-191
-199
-201
-200
-192
-180
-173
-170
-167
-165
-157
-147
-130
-116
-108
-104
-92
-84
-75
-63
-51
-43
-30
-26
-22
-19
-13
-13
-15
-8
-5
6
13
15
18
18
19
17
14
8
4
2
-1
1
-1
2
1
4
13
17
24
29
34
46
60
71
80
92
104
113
115
113
111
117
130
139
147
158
170
181
192
205
221
235
246
254
255
252
244
225
201
176
158
134
117
99
85
73
61
49
40
35
36
35
29
25
16
8
-4
-22
-34
-45
-45
-44
-41
-38
-28
-17
-10
-3
0
4
13
31
47
63
69
66
67
65
73
78
83
81
74
65
62
59
54
50
44
35
20
10
6
-1
-2
-6
-11
-23
-31
-34
-39
-38
-34
-32
-35
-40
-50
-70
-84
-97
-107
-115
-117
-117
-120
-123
-121
-111
-101
-83
-78
-62
-59
-56
-58
-66
-67
-71
-73
-78
-80
-82
-79
-67
-57
-59
-62
-62
-58
-50
-48
-55
-59
-55
-42
-30
-19
-4
13
30
37
49
57
71
83
87
84
77
81
81
84
83
77
72
71
67
56
47
40
43
42
44
40
33
27
21
17
13
15
13
11
8
7
0
7
13
16
10
1
-14
-21
-32
-44
-50
-54
-55
-55
-55
-56
-58
-62
-61
-57
-47
-42
-38
-38
-46
-52
-53
-46
-41
-39
-44
-52
-62
-70
-74
-74
-67
-56
-47
-40
-33
-23
-16
-9
-1
4
13
18
26
20
10
-5
-19
-32
-32
-30
-35
-43
-51
-61
-72
-82
-93
-96
-101
-105
-110
-113
-118
-127
-138
-148
-157
-172
-181
-177
-166
-149
-131
-110
-94
-81
-75
-77
-79
-78
-75
-73
-68
-64
-58
-55
-48
-37
-31
-26
-20
-16
-15
-13
-9
-4
-2
0
-2
-13
-17
-27
-35
-43
-51
-54
-61
-72
-79
-86
-93
-93
-96
-97
-93
-83
-74
-60
-52
-46
-50
-52
-58
-61
-62
-56
-50
-47
-48
-51
-51
-45
-36
-32
-29
-19
-7
2
7
25
35
53
61
66
67
65
68
60
62
61
61
58
45
28
2
-16
-28
-39
-48
-53
-52
-51
-46
-43
-41
-41
-44
-45
-39
-29
-15
-14
-14
-4
9
28
41
54
65
64
59
48
39
37
37
32
28
33
36
48
50
53
50
57
69
79
87
93
102
111
120
131
140
150
156
161
161
160
160
160
151
151
153
162
171
176
169
161
150
140
122
111
104
100
92
87
79
73
64
54
44
30
18
5
-11
-17
-20
-22
-22
-14
-9
-6
-6
-5
-7
-4
8
24
36
41
45
46
41
32
18
5
-10
-19
-29
-35
-41
-42
-41
-37
-31
-32
-36
-38
-38
-42
-54
-63
-77
-84
-86
-86
-88
-83
-73
-64
-58
-51
-41
-31
-27
-23
-22
-16
-8
-3
1
2
-3
-10
-19
-25
-31
-33
-27
-32
-41
-47
-44
-32
-26
-9
2
20
45
67
80
87
96
100
105
103
104
102
105
111
117
121
125
125
127
133
142
145
146
143
140
133
131
130
130
125
117
110
98
92
89
89
77
58
39
25
13
6
-12
-33
-50
-72
-93
-116
-138
-154
-174
-192
-208
-221
-227
-226
-223
-225
-231
-237
-242
-241
-235
-224
-220
-217
-217
-216
-209
-200
-194
-184
-175
-164
-153
-135
-118
-101
-80
-60
-46
-41
-39
-31
-24
-12
-1
3
3
9
16
26
35
47
52
54
57
60
70
81
91
101
103
105
102
98
99
102
110
113
121
123
123
123
124
125
123
129
128
126
120
117
115
115
122
127
131
130
133
137
142
150
152
151
145
141
138
139
147
148
143
135
131
122
118
120
120
116
107
104
100
96
83
75
65
57
55
62
66
74
80
84
83
79
71
63
57
50
34
21
1
-11
-24
-35
-43
-57
-62
-69
-73
-75
-82
-86
-90
-82
-77
-73
-73
-76
-78
-71
-67
-61
-60
-64
-73
-81
-85
-83
-83
-87
-91
-87
-91
-93
-98
-103
-108
-116
-124
-131
-131
-125
-124
-127
-129
-123
-115
-105
-93
-78
-68
-57
