-58
-66
-67
-71
-73
-78
-80
-82
-79
-67
-57
-59
-62
-62
-58
-50
-48
-55
-59
-55
-42
-30
-19
-4
13
30
37
49
57
71
83
87
84
77
81
81
84
83
77
72
71
67
56
47
40
43
42
44
40
33
27
21
17
13
15
13
11
8
7
0
7
13
16
10
1
-14
-21
-32
-44
-50
-54
-55
-55
-55
-56
-58
-62
-61
-57
-47
-42
-38
-38
-46
-52
-53
-46
-41
-39
-44
-52
-62
-70
-74
-74
-67
-56
-47
-40
-33
-23
-16
-9
-1
4
13
18
26
20
10
-5
-19
-32
-32
-30
-35
-43
-51
-61
-72
-82
-93
-96
-101
-105
-110
-113
-118
-127
-138
-148
-157
-172
-181
-177
-166
-149
-131
-110
-94
-81
-75
-77
-79
-78
-75
-73
-68
-64
-58
-55
-48
-37
-31
-26
-20
-16
-15
-13
-9
-4
-2
0
-2
-13
-17
-27
-35
-43
-51
-54
-61
-72
-79
-86
-93
-93
-96
-97
-93
-83
-74
-60
-52
-46
-50
-52
-58
-61
-62
-56
-50
-47
-48
-51
-51
-45
-36
-32
-29
-19
-7
2
7
25
35
53
61
66
67
65
68
60
62
61
61
58
45
28
2
-16
-28
-39
-48
-53
-52
-51
-46
-43
-41
-41
-44
-45
-39
-29
-15
-14
-14
-4
9
28
41
54
65
64
59
48
39
37
37
32
28
33
36
48
50
53
50
57
69
79
87
93
102
111
120
131
140
150
156
161
161
160
160
160
151
151
153
162
171
176
169
161
150
140
122
111
104
100
92
87
79
73
64
54
44
30
18
5
-11
-17
-20
-22
-22
-14
-9
-6
-6
-5
-7
-4
8
24
36
41
45
46
41
32
18
5
-10
-19
-29
-35
-41
-42
-41
-37
-31
-32
-36
-38
-38
-42
-54
-63
-77
-84
-86
-86
-88
-83
-73
-64
-58
-51
-41
-31
-27
-23
-22
-16
-8
-3
1
2
-3
-10
-19
-25
-31
-33
-27
-32
-41
-47
-44
-32
-26
-9
2
20
45
67
80
87
96
100
105
103
104
102
105
111
117
121
125
125
127
133
142
145
146
143
140
133
131
130
130
125
117
110
98
92
89
89
77
58
39
25
13
6
-12
-33
-50
-72
-93
-116
-138
-154
-174
-192
-208
-221
-227
-226
-223
-225
-231
-237
-242
-241
-235
-224
-220
-217
-217
-216
-209
-200
-194
-184
-175
-164
-153
-135
-118
-101
-80
-60
-46
-41
-39
-31
-24
-12
-1
3
3
9
16
26
35
47
52
54
57
60
70
81
91
101
103
105
102
98
99
102
110
113
121
123
123
123
124
125
123
129
128
126
120
117
115
115
122
127
131
130
133
137
142
150
152
151
145
141
138
139
147
148
143
135
131
122
118
120
120
116
107
104
100
96
83
75
65
57
55
62
66
74
80
84
83
79
71
63
57
50
34
21
1
-11
-24
-35
-43
-57
-62
-69
-73
-75
-82
-86
-90
-82
-77
-73
-73
-76
-78
-71
-67
-61
-60
-64
-73
-81
-85
-83
-83
-87
-91
-87
-91
-93
-98
-103
-108
-116
-124
-131
-131
-125
-124
-127
-129
-123
-115
-105
-93
-78
-68
-57
-54
-48
-44
-35
-28
-24
-16
-14
-17
-16
-16
-14
-20
-20
-23
-20
-13
1
12
22
36
49
64
71
75
76
79
88
101
109
115
123
127
130
135
136
137
132
129
118
118
118
124
124
120
117
110
108
98
91
81
73
72
67
58
52
47
42
45
47
42
36
28
26
22
24
25
28
28
30
23
22
29
35
42
46
48
46
43
39
35
36
30
32
30
27
26
25
28
32
37
32
29
24
21
14
15
18
21
25
27
28
25
17
21
19
12
3
-9
-16
-22
-21
-23
-28
-33
-44
-49
-50
-54
-60
-70
-77
-86
-92
-95
-99
-104
-104
-101
-102
-110
-113
-119
-121
-126
-128
-125
-122
-114
-107
-94
-81
-64
-48
-38
-26
-10
-1
4
13
17
22
28
30
34
32
25
12
1
0
-2
-5
-13
-17
-20
-22
-26
-29
-40
-59
-80
-97
-108
-118
-123
-127
-117
-106
-97
-96
-100
-111
-126
-133
-137
-141
-146
-150
-157
-161
-153
-144
-136
-135
-132
-129
-126
-115
-103
-94
-85
-71
-62
-55
-45
-39
-35
-27
-20
-11
-2
7
14
23
32
45
52
67
79
86
84
75
61
45
34
23
15
7
0
2
2
10
16
21
33
39
50
50
51
51
55
60
63
61
61
64
67
73
74
77
72
58
55
54
59
56
48
38
35
35
30
27
18
20
23
28
28
30
28
32
37
44
50
57
67
72
79
81
81
83
85
88
82
79
78
79
75
67
63
53
50
51
52
54
55
61
65
65
70
73
72
64
57
47
44
41
29
10
0
-14
-18
-19
-21
-25
-35
-39
-44
-44
-40
-35
-31
-28
-25
-17
-15
-13
-12
-14
-16
-22
-26
-34
-40
-43
-41
-41
-33
-22
-11
-10
-9
-14
-8
1
12
12
15
22
31
42
50
46
40
39
43
40
38
39
46
53
54
46
39
27
24
18
3
-8
-22
-32
-39
-37
-36
-35
-32
-33
-39
-50
-55
-65
-75
-87
-100
-113
-117
-116
-112
-107
-102
-98
-100
-100
-96
-94
-96
-98
-105
-108
-107
-95
-84
-66
-54
-46
-33
-23
-3
0
7
13
18
16
10
9
-1
-1
0
5
8
14
21
22
21
19
17
16
15
14
14
12
10
