-1
-3
-2
-12
-16
-31
-46
-52
-50
-38
-39
-58
-97
-125
-122
-107
-92
-92
-103
-119
-118
-112
-98
-95
-84
-51
-11
23
22
-18
-55
-73
-74
-77
-81
-60
-21
37
84
84
43
-7
-42
-66
-64
-68
-69
-78
-86
-88
-104
-106
-96
-86
-75
-78
-51
-34
3
33
53
59
69
74
77
76
64
35
-10
-51
-76
-83
-68
-25
5
17
23
22
25
33
41
32
20
31
52
59
35
-14
-55
-62
-28
2
19
13
15
17
33
46
47
36
16
0
-30
-59
-75
-77
-66
-39
-2
21
38
43
33
17
-2
-28
-71
-102
-98
-68
-28
6
24
23
20
27
36
43
50
70
81
78
65
46
27
31
44
54
56
34
-1
-26
-26
16
52
71
59
27
-16
-46
-62
-63
-39
-7
14
24
34
29
16
5
-1
9
14
12
-13
-43
-58
-53
-39
-16
5
29
37
23
2
-39
-52
-45
-24
-18
-41
-66
-89
-89
-55
-38
-31
-21
-17
-6
-6
-24
-30
-37
-38
-47
-77
-85
-80
-58
-38
-12
-6
-15
-48
-76
-74
-59
-25
-25
-51
-90
-92
-68
-38
-14
1
18
57
107
155
171
150
93
15
-49
-80
-94
-96
-74
-66
-63
-68
-66
-60
-38
-17
1
1
-8
-14
-17
-21
-41
-67
-87
-76
-31
-3
6
-15
-38
-31
-5
25
19
-13
-58
-94
-110
-107
-100
-96
-85
-65
-50
-43
-33
-35
-37
-55
-71
-104
-141
-157
-158
-146
-137
-136
-143
-145
-103
-49
2
22
14
-8
-26
-29
-22
-31
-53
-76
-98
-109
-113
-121
-119
-103
-72
-47
-35
-37
-68
-107
-132
-127
-126
-131
-142
-163
-173
-176
-158
-139
-114
-91
-76
-80
-84
-77
-76
-52
-10
23
35
14
-9
-26
-8
10
22
-3
-14
-20
-3
24
44
46
34
21
3
-25
-53
-64
-49
-22
13
24
19
19
11
9
-2
-5
-23
-23
-32
-22
-15
-14
-15
-34
-31
-17
0
-2
-6
-14
-20
-18
-4
22
45
64
66
44
23
11
25
37
44
33
0
-56
-103
-143
-168
-155
-126
-70
-20
22
46
39
4
-37
-72
-100
-108
-104
-79
-42
4
27
26
9
-16
-22
-6
15
15
-15
-46
-70
-84
-85
-74
-52
-21
11
25
12
-11
-35
-39
-43
-26
-40
-69
-109
-128
-101
-52
-1
17
-1
-14
-15
-11
-13
-25
-47
-67
-70
-73
-82
-94
-87
-62
-28
-8
3
-15
-36
-54
-50
-27
-2
10
-2
-3
-13
-13
-29
-43
-56
-68
-68
-67
-75
-80
-52
-21
-9
-34
-78
-110
-103
-68
-37
-36
-57
-64
-57
-20
10
12
-6
-38
-54
-56
-47
-36
-45
-58
-62
-50
-41
-26
-14
-11
-22
-31
-20
-8
11
23
26
21
13
2
-39
-80
-105
-99
-82
-54
-19
3
9
-2
-36
-56
-43
-5
31
37
20
-19
-80
-106
-105
-70
-21
21
45
44
36
10
-22
-47
-69
-87
-114
-131
-137
-123
-85
-32
9
18
20
15
7
3
1
1
24
70
114
135
110
51
-15
-56
-70
-65
-63
-61
-59
-67
-62
-67
-75
-83
-62
-36
-21
-34
-77
-136
-172
-161
-112
-69
-16
22
54
73
77
70
63
69
87
96
77
43
-5
-30
-38
-22
-8
-3
9
0
-21
-54
-55
-54
-42
-36
-44
-38
-28
10
35
56
64
51
41
28
33
22
6
-27
-67
-110
-112
-80
-37
1
26
56
81
105
107
90
64
54
35
13
8
2
5
17
25
33
47
67
72
52
3
-46
-47
-44
-21
-8
-12
-5
14
19
23
33
34
27
5
-25
-54
-74
-76
-82
-85
-89
-75
-53
-9
39
63
46
0
-39
-51
-44
-34
-36
-44
-52
-42
-42
-23
-10
-1
2
-3
-16
-38
-57
-64
-51
-39
-38
-52
-90
-109
-107
-70
-52
-40
-50
-61
-58
-41
-4
13
35
26
13
-4
-17
-27
-38
-26
-28
-35
-35
-26
5
20
27
20
5
6
8
2
-19
-47
-71
-92
-100
-93
-95
-76
-44
-4
29
48
62
54
42
18
-12
-36
-43
-47
-53
-47
-34
-20
-14
-17
-9
-4
12
18
7
-38
-85
-122
-129
-101
-75
-51
-48
-45
-47
-51
-46
-29
-12
-21
-51
-105
-158
-189
-186
-153
-123
-78
-62
-42
-17
3
23
19
2
-43
-84
-119
-119
-107
-95
-88
-84
-92
-96
-93
-93
-82
-88
-111
-151
-168
-147
-93
-21
31
46
24
-5
-21
-44
-59
-79
-98
-111
-102
-78
-55
-31
-14
-9
-11
-3
2
-4
-27
-62
-95
-112
-115
-99
-81
-65
-53
-39
-37
-25
-8
19
39
42
13
-40
-76
-100
-110
-100
-62
-28
-1
8
-10
-32
-40
-39
-21
-20
-21
-36
-55
-58
-43
-36
-30
-40
-40
-36
-42
-55
-75
-88
-79
-68
-66
-65
-56
-45
-22
4
10
-2
-15
-51
-109
-155
-184
-170
-132
-96
-59
-43
-17
20
55
65
59
29
-1
-32
-53
-80
-114
-124
-111
-69
-14
35
47
26
-10
-44
-52
-22
7
36
31
33
30
19
-1
-30
-56
-69
-53
-31
-35
-46
-56
-59
-33
-11
-11
-39
-65
-64
-52
-41
-37
-21
4
38
50
14
-30
-53
-61
-68
-75
-85
-87
-65
-29
-1
2
6
9
23
31
21
-5
-33
-44
-45
-37
-28
-18
-8
-15
-15
-20
-32
-46
-52
-54
-47
-28
-26
-34
-33
-1
33
41
25
-17
-44
-47
-29
-15
-36
-76
-125
-143
-119
-55
-12
15
20
8
5
-6
-16
-42
-56
-51
-49
-51
-48
-25
3
39
54
42
23
