-51
-41
-14
13
49
79
101
116
119
112
92
63
32
0
-22
-42
-61
-89
-105
-117
-91
-39
10
30
28
39
62
103
123
88
26
-52
-89
-101
-80
-51
-39
-24
-23
-10
-2
8
28
39
55
75
85
65
27
-5
-26
-33
-20
-10
-20
-33
-67
-96
-109
-87
-50
-14
21
28
12
-34
-51
-50
-38
-36
-39
-46
-44
-28
-41
-70
-85
-101
-95
-87
-82
-64
-40
-10
6
-14
-27
-27
-19
-14
-17
-23
-37
-56
-64
-60
-64
-63
-46
-24
4
37
45
28
-4
-29
-40
-13
28
65
71
37
-17
-75
-112
-119
-113
-99
-79
-71
-70
-61
-36
-17
-3
10
12
0
-36
-84
-101
-87
-43
-30
-41
-60
-67
-59
-50
-44
-52
-90
-126
-145
-141
-113
-74
-27
9
30
44
46
56
79
76
54
9
-42
-100
-135
-144
-141
-140
-127
-87
-43
27
86
128
132
124
102
72
31
-6
-45
-75
-91
-89
-80
-56
-11
55
109
154
167
161
145
110
63
-5
-55
-103
-131
-135
-98
-55
-20
13
27
43
62
73
58
32
6
-12
-30
-66
-87
-92
-76
-33
-1
0
-25
-60
-89
-84
-62
-40
-27
-28
-32
-46
-57
-63
-52
-39
-4
32
52
71
72
49
2
-57
-119
-167
-188
-166
-118
-73
-42
-28
-25
-20
-16
-13
-31
-58
-92
-136
-181
-212
-212
-188
-145
-114
-90
-65
-25
4
25
33
20
-11
-56
-97
-123
-138
-138
-134
-124
-97
-49
-6
29
53
60
48
37
29
24
22
9
-3
-25
-25
-13
-7
-1
-5
-28
-57
-85
-81
-72
-42
-8
12
24
25
22
7
1
4
9
4
-4
-14
-33
-46
-56
-70
-92
-105
-115
-129
-138
-125
-90
-49
7
48
65
60
38
15
-1
-14
-29
-51
-68
-76
-76
-56
-4
50
96
116
118
91
43
-35
-128
-197
-215
-177
-125
-88
-73
-72
-69
-39
0
8
-6
-24
-54
-80
-97
-99
-96
-81
-77
-78
-84
-76
-61
-54
-45
-43
-43
-46
-26
-2
0
-30
-70
-107
-113
-94
-84
-89
-96
-88
-58
-21
14
23
5
-29
-53
-75
-80
-77
-78
-72
-61
-38
-20
-7
7
16
14
8
1
-22
-51
-76
-92
-90
-69
-33
-14
3
16
25
46
57
68
52
10
-27
-67
-95
-107
-88
-51
-1
40
63
55
46
49
46
48
35
19
-19
-61
-103
-128
-119
-87
-52
-33
-27
-44
-81
-120
-150
-154
-139
-110
-97
-97
-95
-85
-63
-58
-30
-31
-32
-50
-51
-32
-6
19
26
21
21
23
9
-4
-25
-44
-64
-73
-69
-57
-33
-20
-16
-26
-42
-41
-44
-48
-44
-39
-16
16
36
21
3
-19
-36
-41
-18
14
30
17
20
31
49
62
57
45
23
9
-30
-56
-77
-79
-72
-55
-40
-22
-15
6
24
40
36
22
5
12
34
43
24
-18
-57
-98
-107
-96
-76
-51
-32
-15
-22
-27
-40
-58
-88
-111
-117
-110
-82
-39
1
31
41
34
14
3
3
3
-20
-64
-121
-166
-171
-132
-83
-51
-26
-15
-4
-5
-17
-51
-88
-115
-136
-145
-145
-120
-80
-41
0
0
-26
-55
-65
-61
-67
-83
-128
-157
-168
-136
-99
-69
-45
-37
-33
-25
6
46
94
124
99
23
-84
-167
-215
-207
-165
-118
-89
-70
-62
-66
-57
-34
-15
-3
-9
-33
-75
-117
-154
-163
-149
-90
-13
45
85
96
87
71
51
22
-10
-43
-67
-79
-92
-77
-70
-56
-31
2
37
39
28
-1
-27
-34
-25
-16
-24
-9
-4
1
-6
-16
-23
-26
-23
-26
-28
-35
-44
-59
-58
-53
-45
-43
-23
10
22
10
-30
-72
-85
-74
-51
-57
-79
-100
-110
-111
-99
-73
-29
6
26
10
-22
-51
-69
-62
-40
-10
3
-6
-3
-2
4
11
23
20
-10
-46
-77
-92
-78
-46
-19
-3
8
0
-16
-30
-35
-41
-50
-51
-51
-30
5
55
76
66
27
-26
-60
-62
-42
-13
15
47
60
69
80
101
108
100
73
52
41
41
38
16
-9
-18
0
22
44
52
35
23
1
-18
-45
-46
-36
-24
-18
-11
-3
7
31
46
42
12
-36
-85
-137
-159
-161
-147
-125
-85
-35
19
61
71
49
22
-2
-27
-61
-81
-101
-111
-135
-174
-214
-226
-191
-133
-75
-35
-27
-37
-46
-36
-21
-9
3
29
44
55
55
34
5
-20
-28
-43
-51
-63
-64
-53
-22
9
25
12
0
-18
-38
-52
-73
-112
-142
-154
-139
-118
-71
-53
-29
-11
-5
-4
-27
-37
-48
-48
-46
-20
7
42
67
55
32
7
4
13
18
5
-20
-42
-45
-23
-1
11
1
-30
-42
-35
2
19
15
7
1
-7
-10
-18
-39
-52
-42
-9
30
58
58
21
-20
-36
-38
-33
-31
-41
-46
-39
-12
21
49
72
60
27
-12
-35
-54
-63
-71
-93
-110
-117
-92
-37
15
64
58
20
-27
-66
-90
-115
-134
-153
-149
-125
-80
-33
13
62
96
100
80
33
-30
-90
-112
-108
-83
-60
-31
-15
8
26
30
23
7
-4
-34
-61
-95
-120
-123
-93
-33
15
45
56
49
42
40
16
-17
-54
-65
-55
-48
-46
-56
-61
-47
-26
7
27
43
34
15
11
17
23
11
-3
-36
-56
-64
-38
-15
2
1
-23
-46
-57
-28
-1
25
28
8
-28
-69
-95
-114
-112
-105
-88
-86
-86
-83
-80
-42
0
34
37
8
-41
-84
-83
-60
-36
-37
-39
-37
-26
-22
-15
-2
27
67
89
78
42
13
-1
-7
-8
-35
-69
