-18
-21
-25
-29
-27
-31
-12
-7
-2
-3
-5
-10
-18
-12
-15
-1
-5
2
-3
-1
-7
-7
-17
-21
-24
-22
-12
-7
-3
2
5
1
-8
-22
-33
-40
-31
-14
-7
-16
-28
-40
-55
-72
-82
-92
-96
-96
-95
-91
-91
-89
-81
-80
-77
-83
-90
-95
-88
-79
-64
-45
-19
-12
-3
6
-2
-2
-1
-1
0
-6
-9
-23
-31
-37
-33
-30
-27
-15
-9
-3
7
11
9
10
2
-4
-13
-15
-26
-30
-45
-51
-65
-74
-79
-82
-77
-70
-63
-66
-65
-70
-70
-71
-65
-56
-55
-52
-56
-59
-64
-74
-86
-99
-104
-109
-105
-99
-90
-84
-76
-65
-55
-48
-47
-46
-51
-57
-64
-62
-56
-54
-50
-38
-39
-26
-33
-37
-36
-35
-40
-45
-38
-38
-34
-32
-27
-25
-27
-28
-29
-24
-22
-23
-28
-36
-40
-47
-47
-45
-40
-28
-25
-18
-16
-14
-7
-11
1
7
6
8
3
4
1
-2
-11
-29
-36
-51
-51
-44
-34
-30
-21
-20
-17
-16
-14
-9
-11
-13
-20
-20
-22
-19
-11
-13
-9
-11
-8
-7
-1
1
-4
-15
-24
-34
-48
-58
-69
-79
-87
-93
-103
-118
-131
-138
-136
-123
-102
-81
-58
-37
-24
-16
-4
-6
-3
-14
-28
-41
-52
-61
-69
-79
-91
-98
-97
-90
-76
-63
-43
-27
-15
-4
-2
11
22
31
33
23
16
5
-8
-19
-31
-46
-60
-75
-92
-104
-114
-121
-123
-123
-122
-121
-119
-119
-116
-107
-98
-82
-65
-47
-36
-28
-22
-20
-19
-24
-31
-36
-41
-41
-42
-38
-37
-34
-36
-33
-27
-25
-20
-13
-6
-6
-7
4
14
26
23
25
27
22
18
13
7
2
-1
-13
-12
-15
1
9
17
26
17
20
20
16
10
3
-1
-7
-16
-22
-21
-19
-32
-36
-34
-22
-9
-13
-16
-18
-29
-27
-39
-45
-56
-64
-66
-68
-63
-52
-32
-15
3
8
10
3
-2
-9
-19
-15
-10
-6
-7
-10
-10
-12
-12
-12
-11
-9
-8
-13
-16
-24
-31
-38
-42
-47
-48
-50
-47
-46
-35
-42
-43
-44
-43
-43
-36
-30
-29
-27
-27
-23
-20
-17
-21
-29
-31
-36
-32
-26
-19
-21
-29
-36
-37
-44
-41
-40
-32
-31
-28
-26
-33
-34
-45
-49
-55
-58
-56
-57
-59
-58
-53
-48
-39
-43
-47
-51
-52
-51
-52
-44
-39
-35
-29
-29
-32
-37
-42
-45
-48
-48
-52
-57
-66
-70
-73
-77
-70
-62
-51
-48
-50
-45
-41
-41
-39
-34
-37
-38
-42
-53
-57
-59
-64
-68
-64
-59
-57
-60
-57
-53
-48
-40
-39
-38
-31
-31
-31
-32
-31
-40
-46
-46
-57
-57
-53
-43
-35
-38
-36
-34
-38
-32
-28
-35
-36
-42
-51
-55
-59
-57
-62
-64
-62
-57
-63
-67
-71
-83
-95
-97
-92
-79
-59
-47
-34
-19
-6
-1
8
0
-11
-29
-48
-57
-64
-70
-71
-70
-64
-58
-50
-46
-34
-23
-14
-4
5
17
18
18
23
22
23
23
12
5
-2
-15
-29
-46
-62
-75
-84
-85
-76
-70
-59
-52
-52
-42
-30
-12
-2
-3
-1
-4
-12
-9
-7
-14
-22
-20
-17
-15
-20
-25
-31
-37
-36
-29
-23
-11
-13
-12
-17
-20
-23
-25
-28
-24
-31
-30
-26
-32
-38
-44
-50
-52
-54
-53
-60
-60
-58
-52
-50
-52
-54
-55
-60
-68
-71
-71
-61
-51
-47
-43
-41
-39
-34
-35
-32
-34
-32
-28
-29
-31
-34
-25
-18
-12
-9
-9
-8
-10
-21
-34
-48
-48
-47
-50
-52
-50
-51
-50
-53
-56
-64
-70
-65
-66
-52
-40
-33
-31
-29
-35
-27
-25
-23
-17
-8
-3
-1
3
-1
-9
-12
-11
-18
-20
-23
-22
-28
-34
-41
-45
-50
-54
-52
-48
-50
-50
-54
-55
-62
-64
-58
-48
-41
-39
-36
-36
-40
-41
-37
-37
-28
-22
-25
-23
-16
-17
-10
-14
-20
-25
-34
-33
-37
-40
-35
-37
-40
-51
-61
-73
-80
-81
-81
-80
-76
-69
-66
-64
-62
-56
-53
-49
-45
-47
-43
-35
-32
-26
-29
-30
-33
-34
-36
-37
-33
-32
-31
-35
-35
-41
-31
-38
-32
-29
-35
-42
-56
-60
-63
-75
-76
-77
-72
-55
-46
-37
-31
-32
-30
-28
-26
-26
-23
-24
-23
-26
-33
-40
-48
-52
-51
-35
-32
-21
-7
-4
-1
-4
-5
-1
-2
5
7
6
-2
-9
-23
-30
-41
-43
-42
-43
-47
-55
-66
-67
-67
-68
-65
-67
-61
-57
-54
-46
-51
-51
-44
-46
-42
-43
-37
-39
-39
-42
-41
-36
-33
-36
-29
-21
-24
-20
-29
-27
-26
-22
-21
-26
-32
-42
-53
-61
-67
-70
-68
-66
-67
-69
-73
-81
-83
-80
-71
-65
-59
-58
-55
-47
-42
-35
-21
-12
-1
1
7
1
0
-9
-2
-15
-14
-17
-20
-21
-25
-32
-36
-36
-37
-43
-43
-42
-43
-52
-59
-63
-55
-48
-42
-36
-31
-25
-22
-22
-17
-15
-24
-22
-22
-28
-27
-32
-37
-45
-50
-56
-54
-49
-41
-36
-39
-45
-49
-54
-53
-54
-49
-55
-52
-47
-36
-27
-24
-20
-26
-31
-40
-50
-56
-53
-48
-41
-38
-36
-39
-44
-48
-54
-63
-61
-54
-46
-44
-37
-38
-31
-25
-22
-21
-36
-46
-56
-65
-67
-65
-58
-54
-48
-43
-48
-48
-52
-53
-51
-41
-36
-35
-29
-19
-13
-11
-1
0
0
3
8
7
9
11
-4
-17
-20
-30
-38
-43
-44
-40
-27
-23
-16
-14
-9
-7
-9
-14
-26
-36
-51
-58
-63
-57
-56
-51
-40
-33
-27
-18
-21
-10
-9
5
11
21
32
24
20
14
1
-6
-19
-16
-23
-25
-33
