-60
-63
-67
-64
-53
-33
-22
-9
2
10
7
-3
0
-8
-11
-10
-20
-19
-10
-19
-17
-21
-34
-47
-57
-58
-59
-55
-56
-61
-58
-59
-55
-51
-48
-48
-49
-49
-57
-55
-43
-29
-18
-20
-23
-30
-38
-38
-43
-46
-53
-61
-65
-58
-54
-55
-48
-39
-26
-17
-12
-13
-23
-30
-49
-61
-66
-77
-76
-79
-74
-73
-75
-73
-73
-76
-76
-72
-67
-68
-72
-79
-77
-75
-71
-64
-60
-52
-47
-39
-29
-14
-1
-1
0
2
-4
-2
-13
-14
-22
-26
-27
-21
-25
-27
-28
-29
-24
-15
-7
0
5
2
-2
-6
-6
-17
-28
-34
-40
-35
-31
-33
-34
-34
-35
-32
-30
-29
-18
-16
-13
-7
-12
-20
-34
-44
-45
-52
-60
-67
-71
-79
-77
-82
-76
-73
-64
-64
-58
-59
-51
-50
-49
-47
-50
-53
-62
-68
-74
-76
-74
-72
-68
-64
-66
-70
-78
-80
-79
-76
-81
-78
-78
-75
-76
-72
-67
-59
-54
-53
-56
-62
-64
-59
-57
-59
-59
-54
-57
-56
-63
-70
-70
-71
-63
-51
-41
-40
-41
-49
-50
-49
-46
-53
-52
-51
-55
-62
-65
-62
-52
-34
-12
-5
5
5
2
-5
-5
-8
-11
-11
-8
-12
-11
-22
-22
-25
-24
-25
-24
-29
-25
-14
-1
7
7
3
-9
-14
-12
-8
-14
-22
-28
-35
-37
-40
-40
-39
-35
-34
-30
-33
-34
-40
-36
-35
-38
-35
-40
-40
-42
-36
-29
-17
-8
-2
2
9
12
13
7
6
4
-1
-7
-11
-6
-11
-10
-13
-26
-30
-34
-38
-55
-61
-66
-65
-62
-60
-56
-58
-56
-54
-56
-51
-55
-59
-66
-62
-60
-55
-54
-62
-71
-78
-82
-78
-77
-71
-68
-62
-59
-57
-61
-70
-71
-64
-56
-48
-41
-32
-18
-8
-6
-4
-3
-7
-14
-26
-36
-38
-42
-41
-42
-44
-47
-47
-54
-59
-66
-77
-81
-85
-84
-82
-78
-72
-64
-53
-47
-39
-38
-23
-11
-12
-7
-9
-16
-18
-23
-25
-30
-23
-26
-17
-23
-17
-14
-12
-22
-35
-47
-53
-48
-43
-38
-27
-27
-32
-45
-47
-41
-34
-30
-26
-34
-21
-18
-11
-5
-4
-2
-1
0
-5
-5
-6
-4
-12
-19
-28
-30
-33
-32
-24
-19
-16
-14
-14
-11
-5
-2
5
11
16
9
9
12
7
3
4
-1
-8
-9
-9
-9
-12
-11
-13
-17
-27
-31
-39
-36
-37
-39
-36
-27
-29
-34
-40
-50
-52
-54
-37
-14
-8
1
10
16
10
17
26
17
17
10
10
10
11
9
7
11
-1
-13
-22
-33
-44
-58
-72
-75
-74
-68
-61
-54
-55
-57
-67
-74
-83
-86
-88
-87
-84
-82
-83
-82
-78
-74
-73
-72
-68
-61
-53
-50
-47
-45
-46
-52
-56
-58
-63
-62
-63
-65
-69
-76
-84
-88
-97
-99
-97
-88
-81
-74
-67
-57
-49
-42
-40
-45
-56
-62
-71
-75
-79
-78
-74
-71
-73
-71
-76
-79
-79
-81
-79
-77
-74
-64
-54
-38
-31
-27
-25
-27
-32
-26
-20
-12
-9
-5
1
-5
2
2
-12
-13
-17
-20
-21
-24
-22
-15
-2
0
-3
-3
-10
-13
-6
1
0
0
-2
-5
-6
-8
-4
-4
2
3
5
6
-2
-1
-1
-2
-8
-7
-13
-17
-20
-18
-12
-5
-4
-7
-15
-27
-24
-22
-20
-14
-10
-10
-5
-6
-12
-23
-19
-21
-13
-8
-5
-18
-26
-35
-38
-41
-33
-31
-26
-34
-43
-58
-62
-55
-43
-36
-32
-36
-42
-50
-49
-61
-66
-74
-65
-56
-57
-59
-57
-52
-41
-38
-34
-29
-32
-26
-32
-38
-30
-30
-33
-30
-35
-29
-29
-32
-41
-37
-32
-30
-31
-35
-41
-47
-54
-56
-61
-57
-55
-50
-48
-45
-36
-33
-34
-32
-30
-38
-33
-30
-23
-14
-17
-14
-13
-21
-26
-28
-37
-43
-46
-40
-45
-51
-54
-52
-50
-50
-46
-45
-37
-34
-34
-23
-17
-5
-12
-15
-16
-15
-20
-23
-29
-42
-55
-62
-63
-55
-53
-53
-57
-62
-63
-65
-66
-73
-78
-83
-91
-99
-105
-109
-112
-115
-120
-123
-125
-125
-113
-103
-93
-84
-71
-56
-45
-39
-36
-35
-22
-15
-5
-3
4
3
5
4
0
-14
-21
-32
-48
-66
-83
-91
-99
-93
-80
-70
-56
-55
-51
-41
-31
-22
-8
2
9
17
18
17
6
-8
-27
-31
-33
-26
-20
-17
-10
-12
-2
-2
3
0
7
-2
-4
-5
-2
-6
-12
-20
-29
-35
-36
-49
-54
-62
-69
-82
-88
-92
-98
-102
-107
-102
-89
-73
-46
-37
-27
-22
-18
-21
-25
-29
-27
-31
-12
-7
-2
-3
-5
-10
-18
-12
-15
-1
-5
2
-3
-1
-7
-7
-17
-21
-24
-22
-12
-7
-3
2
5
1
-8
-22
-33
-40
-31
-14
-7
-16
-28
-40
-55
-72
-82
-92
-96
-96
-95
-91
-91
-89
-81
-80
-77
-83
-90
-95
-88
-79
-64
-45
-19
-12
-3
6
-2
-2
-1
-1
0
-6
-9
-23
-31
-37
-33
-30
-27
-15
-9
-3
7
11
9
10
2
-4
-13
-15
-26
-30
-45
-51
-65
-74
-79
-82
-77
-70
-63
-66
-65
-70
-70
-71
-65
-56
-55
-52
-56
-59
-64
-74
-86
-99
-104
-109
-105
-99
-90
-84
-76
-65
-55
-48
-47
-46
-51
-57
-64
-62
-56
-54
-50
-38
-39
-26
-33
-37
-36
-35
-40
-45
-38
-38
-34
-32
-27
-25
-27
-28
-29
-24
-22
-23
-28
-36
-40
-47
-47
-45
-40
-28
-25
-18
-16
-14
-7
-11
1
7
6
8
3
4
1
-2
-11
-29
-36
-51
-51
-44
-34
-30
-21
-20
-17
-16
-14
-9
-11
-13
-20
