-59
-53
-48
-47
-44
-36
-35
-38
-39
-38
-36
-37
-32
-33
-40
-43
-43
-52
-60
-73
-80
-79
-69
-61
-61
-60
-59
-54
-49
-37
-28
-20
-11
-14
-15
-13
-16
-20
-27
-29
-35
-35
-41
-32
-31
-26
-23
-20
-19
-18
-13
-16
-9
-10
-12
-16
-22
-28
-40
-50
-56
-56
-51
-50
-55
-57
-59
-52
-48
-40
-26
-11
-9
-6
-17
-23
-31
-35
-39
-41
-35
-33
-30
-30
-33
-32
-29
-32
-34
-35
-35
-43
-50
-50
-47
-38
-33
-27
-26
-28
-33
-35
-31
-24
-30
-22
-25
-21
-25
-34
-42
-45
-51
-45
-44
-40
-37
-37
-30
-15
-5
-5
-5
-1
0
8
12
10
5
0
-13
-23
-35
-46
-42
-48
-52
-52
-55
-62
-64
-65
-58
-54
-42
-39
-36
-41
-54
-64
-63
-60
-56
-55
-56
-58
-60
-56
-49
-55
-51
-53
-52
-49
-37
-28
-14
-8
-1
1
9
7
11
4
-3
1
-3
-8
-13
-17
-24
-24
-22
-22
-15
-17
-25
-32
-22
-14
9
18
22
16
10
-4
-11
-17
-16
-17
-18
-18
-19
-19
-11
-9
-3
-8
-10
-11
-18
-24
-28
-32
-39
-47
-57
-63
-68
-75
-79
-78
-87
-89
-88
-86
-76
-66
-62
-58
-59
-62
-74
-81
-83
-84
-80
-73
-62
-60
-57
-57
-57
-50
-48
-40
-35
-34
-26
-19
-18
-20
-27
-40
-44
-41
-48
-49
-51
-57
-57
-57
-55
-66
-66
-75
-83
-89
-80
-67
-51
-42
-35
-32
-25
-21
-17
-21
-14
-6
4
-1
1
9
9
13
16
20
17
11
12
16
14
16
23
28
27
28
19
15
9
4
-5
-6
-5
0
1
0
-2
-8
-7
-14
-14
-7
-4
-4
-4
1
-8
-12
-21
-22
-27
-33
-34
-31
-25
-18
-6
-2
-2
5
11
14
13
9
-2
-12
-20
-40
-51
-65
-70
-78
-80
-82
-85
-89
-96
-98
-109
-107
-108
-109
-109
-106
-92
-84
-74
-70
-69
-78
-78
-78
-76
-66
-62
-55
-57
-53
-50
-49
-52
-52
-46
-47
-44
-44
-43
-41
-38
-40
-31
-22
-24
-29
-29
-28
-28
-35
-28
-20
-19
-20
-21
-29
-30
-35
-35
-41
-46
-50
-61
-69
-69
-73
-71
-62
-47
-36
-24
-12
-4
2
6
1
-1
-2
-10
-6
-6
0
5
7
15
17
25
30
25
29
20
22
16
8
1
-5
-13
-23
-23
-22
-13
-17
-9
-12
-15
-6
-2
-1
-5
1
3
-3
-4
2
-3
-11
-11
-8
-17
-23
-35
-44
-61
-78
-94
-99
-101
-95
-82
-65
-54
-40
-32
-23
-21
-22
-31
-34
-37
-35
-47
-47
-58
-60
-65
-66
-66
-59
-57
-47
-32
-28
-30
-37
-35
-38
-42
-49
-51
-56
-61
-58
-52
-42
-34
-23
-18
-14
-10
-17
-20
-29
-28
-38
-35
-29
-36
-39
-49
-50
-55
-58
-58
-63
-56
-58
-61
-61
-55
-48
-47
-43
-46
-45
-42
-36
-25
-16
-21
-28
-31
-31
-34
-31
-34
-32
-32
-39
-46
-43
-41
-41
-60
-63
-67
-64
-53
-33
-22
-9
2
10
7
-3
0
-8
-11
-10
-20
-19
-10
-19
-17
-21
-34
-47
-57
-58
-59
-55
-56
-61
-58
-59
-55
-51
-48
-48
-49
-49
-57
-55
-43
-29
-18
-20
-23
-30
-38
-38
-43
-46
-53
-61
-65
-58
-54
-55
-48
-39
-26
-17
-12
-13
-23
-30
-49
-61
-66
-77
-76
-79
-74
-73
-75
-73
-73
-76
-76
-72
-67
-68
-72
-79
-77
-75
-71
-64
-60
-52
-47
-39
-29
-14
-1
-1
0
2
-4
-2
-13
-14
-22
-26
-27
-21
-25
-27
-28
-29
-24
-15
-7
0
5
2
-2
-6
-6
-17
-28
-34
-40
-35
-31
-33
-34
-34
-35
-32
-30
-29
-18
-16
-13
-7
-12
-20
-34
-44
-45
-52
-60
-67
-71
-79
-77
-82
-76
-73
-64
-64
-58
-59
-51
-50
-49
-47
-50
-53
-62
-68
-74
-76
-74
-72
-68
-64
-66
-70
-78
-80
-79
-76
-81
-78
-78
-75
-76
-72
-67
-59
-54
-53
-56
-62
-64
-59
-57
-59
-59
-54
-57
-56
-63
-70
-70
-71
-63
-51
-41
-40
-41
-49
-50
-49
-46
-53
-52
-51
-55
-62
-65
-62
-52
-34
-12
-5
5
5
2
-5
-5
-8
-11
-11
-8
-12
-11
-22
-22
-25
-24
-25
-24
-29
-25
-14
-1
7
7
3
-9
-14
-12
-8
-14
-22
-28
-35
-37
-40
-40
-39
-35
-34
-30
-33
-34
-40
-36
-35
-38
-35
-40
-40
-42
-36
-29
-17
-8
-2
2
9
12
13
7
6
4
-1
-7
-11
-6
-11
-10
-13
-26
-30
-34
-38
-55
-61
-66
-65
-62
-60
-56
-58
-56
-54
-56
-51
-55
-59
-66
-62
-60
-55
-54
-62
-71
-78
-82
-78
-77
-71
-68
-62
-59
-57
-61
-70
-71
-64
-56
-48
-41
-32
-18
-8
-6
-4
-3
-7
-14
-26
-36
-38
-42
-41
-42
-44
-47
-47
-54
-59
-66
-77
-81
-85
-84
-82
-78
-72
-64
-53
-47
-39
-38
-23
-11
-12
-7
-9
-16
-18
-23
-25
-30
-23
-26
-17
-23
-17
-14
-12
-22
-35
-47
-53
-48
-43
-38
-27
-27
-32
-45
-47
-41
-34
-30
-26
-34
-21
-18
-11
-5
-4
-2
-1
0
-5
-5
-6
-4
-12
-19
-28
-30
-33
-32
-24
-19
-16
-14
-14
-11
-5
-2
5
11
16
9
9
12
7
3
4
-1
-8
-9
-9
-9
-12
-11
-13
-17
-27
-31
-39
-36
-37
-39
-36
-27
-29
-34
-40
-50
-52
-54
-37
-14
-8
1
10
16
10
17
26
17
17
10
10
10
11
9
7
11
-1
-13
-22
-33
-44
