-163
-129
-22
241
626
960
1060
883
503
261
50
-48
-136
-211
-223
-203
-146
-104
-85
-105
-131
-147
-160
-112
48
375
794
1050
1028
686
266
-63
-266
-364
-390
-375
-309
-243
-178
-153
-130
-117
-96
-80
-54
-21
1
12
7
30
247
633
1079
1278
1116
779
403
156
-32
-146
-248
-312
-315
-301
-253
-212
-163
-127
-102
-84
-65
-57
-38
56
316
692
1074
1216
1073
763
403
130
-79
-202
-257
-279
-284
-290
-309
-332
-325
-281
-179
-25
140
373
624
706
637
381
91
-120
-287
-363
-356
-314
-265
-230
-217
-214
-203
-190
-176
-163
-155
-146
-145
-143
-146
-151
-158
-169
-186
-202
-194
-155
-116
-89
-82
65
402
800
1129
1075
835
513
183
-75
-317
-494
-606
-599
-316
-13
206
138
-122
-311
-230
27
273
388
278
146
56
-12
-68
-104
-128
-140
-154
-165
-172
-175
-178
-183
-179
-160
-98
44
214
371
420
353
208
38
-53
-83
-75
-88
-149
-156
-75
233
495
634
494
188
-109
-282
-326
-301
-264
-239
-226
-217
-209
-193
-173
-158
-147
-135
-134
-133
-137
-142
-151
-157
-162
-174
-185
-171
-154
-146
-153
-143
91
459
943
1173
1010
663
210
-92
-316
-482
-563
-591
-613
-574
-262
31
296
276
96
-3
-28
-60
-66
-51
9
111
214
300
359
363
334
261
115
3
-90
-102
-8
130
308
420
429
351
221
69
-66
-154
-187
-171
-110
23
247
563
848
914
713
391
58
-150
-247
-317
-308
-275
-238
-220
-204
-203
-197
-179
-156
-108
-77
-57
-59
-91
-140
-131
31
397
861
1060
885
443
25
-255
-410
-498
-508
-501
-490
-463
-435
-383
-315
-252
-193
-168
-162
-148
-123
-85
-47
2
113
311
543
820
1040
1111
1031
780
462
210
36
-21
-36
-40
-76
-123
-161
-182
-155
-107
-77
-85
-137
-201
-230
-157
163
626
1057
1252
957
556
89
-197
-337
-399
-388
-347
-311
-277
-248
-223
-207
-201
-185
-174
-152
-137
-111
-103
-98
-93
-101
-117
-144
-173
-207
-258
-306
-341
-377
-379
-370
-174
285
705
1048
902
597
213
-75
-270
-428
-510
-532
-527
-402
-3
321
597
568
421
332
261
200
134
112
174
348
540
745
868
891
768
536
267
19
-182
-328
-373
-363
-314
-270
-254
-248
-256
-265
-266
-244
-219
-201
-170
-51
267
677
994
1057
793
457
50
-138
-290
-313
-324
-321
-282
-230
-188
-161
-154
-167
-193
-232
-258
-255
-191
25
391
833
1090
1036
652
238
-157
-336
-438
-439
-398
-344
-299
-261
-231
-207
-183
-160
-140
-122
-110
-107
-119
-135
-157
-177
-193
-200
-214
-241
-261
-211
45
495
745
808
535
189
-64
-259
-385
-440
-434
-387
-312
-225
-140
-63
-1
48
78
100
107
106
99
90
77
59
35
9
-17
-46
-73
-110
-155
-214
-275
-308
-307
-209
165
707
1199
1368
1055
599
166
-113
-259
-328
-346
-347
-357
-382
-398
-374
-274
-65
171
385
499
540
546
522
431
260
65
-61
-97
-57
-7
17
1
-22
-48
-62
-59
-48
-34
-20
-6
-2
-8
-20
-32
-41
-52
-60
-72
-85
-96
-107
-119
-134
-143
-161
-181
-206
-230
-254
-290
-306
-301
-204
208
693
1219
1236
914
435
45
-184
-321
-396
-433
-455
-435
-62
259
586
587
417
306
260
223
195
206
269
339
369
346
284
240
213
159
87
-24
-101
-143
-103
3
91
147
110
48
-33
-74
-79
-101
-128
-162
-191
-200
-180
-134
52
447
858
1100
947
515
93
-184
-317
-340
-352
-323
-285
-250
-230
-216
-196
-166
-132
-97
-74
-69
-81
-124
-163
-234
-279
-163
228
737
1089
906
455
-119
-468
-644
-681
-595
-492
-380
-287
-201
-132
-83
-42
-15
0
-12
-13
-15
-7
-11
-28
-2
294
805
1270
1399
974
405
-144
-398
-464
-396
-276
-196
-166
-163
-167
-171
-167
-138
-98
-69
-57
-65
-37
169
585
1062
1318
1189
806
379
17
-201
-307
-311
-280
-254
-231
-208
-190
-179
-206
-239
-257
-266
-242
-138
114
511
812
867
474
35
-358
-496
-530
-505
-433
-369
-301
-250
-226
-203
-187
-141
-91
-43
-17
-22
-41
-40
65
366
759
1095
1183
924
569
155
-154
-335
-377
-320
-250
-213
-209
-203
-220
-245
-258
-249
-216
-179
-124
26
332
742
1029
1069
787
426
19
-220
-397
-444
-419
-375
-348
-333
-313
-288
-264
-236
-225
-226
-236
-250
-288
-322
-369
-354
-185
291
790
962
671
93
-366
-589
-655
-604
-501
-396
-323
-256
-204
-150
-100
-64
-25
-2
9
5
-11
-15
-19
-12
-20
-38
-65
44
445
948
1281
1168
736
203
-157
-390
-481
-477
-430
-386
-348
-319
-274
-253
-221
-214
-209
-210
-210
-200
-195
-185
-154
-124
-4
349
781
1116
1115
722
262
-170
-400
-461
-424
-343
-291
-262
-274
-284
-303
-310
-285
-236
-187
-143
-94
-45
14
61
94
106
116
161
218
344
530
753
916
883
716
429
132
-115
-284
-344
-346
-327
-308
-279
-248
-219
-206
-198
-199
-210
-223
-232
-237
-234
-230
-216
-217
-228
-243
-285
-325
-345
-350
-516
-670
-648
-168
370
828
889
684
409
104
-146
-278
-356
-397
-415
-416
-405
-357
-304
-233
-173
-127
-85
-44
3
48
89
124
148
165
169
164
140
112
80
46
14
-20
-60
-109
-179
-248
-271
-85
476
937
1249
1035
598
238
-1
-132
-176
-176
-139
-102
-77
-71
-74
-89
-108
-113
-106
-84
-46
10
98
275
536
826
1019
1015
840
591
373
253
206
199
225
263
330
444
497
453
276
14
-152
-177
-10
