472
-48
-342
-461
-477
-445
-391
-315
-242
-169
-102
-41
14
64
108
136
161
173
183
181
171
156
132
106
87
65
38
19
16
35
147
564
1058
1480
1456
1008
431
-59
-352
-451
-452
-404
-357
-333
-324
-307
-276
-244
-202
-161
-125
-82
-43
0
31
60
72
85
87
81
71
57
40
18
-3
-21
-37
-48
-57
-68
-76
-106
-159
-214
-254
-241
-74
454
1132
1555
1511
900
206
-256
-487
-539
-505
-428
-359
-283
-218
-159
-109
-63
-10
41
93
132
159
178
179
176
153
137
110
84
64
40
22
11
15
35
196
622
1103
1478
1366
886
331
-131
-365
-439
-433
-406
-374
-348
-323
-297
-267
-231
-197
-155
-111
-61
-20
17
36
53
65
65
66
53
37
16
1
-17
-32
-52
-48
-18
44
128
215
272
260
224
214
282
408
619
790
847
739
418
22
-320
-544
-618
-596
-537
-470
-397
-328
-236
-167
-96
-58
-15
23
58
83
94
96
87
70
45
15
-7
-30
-47
-66
-83
-85
-86
74
524
935
1198
875
298
-279
-555
-639
-590
-484
-377
-290
-215
-150
-103
-66
-43
-23
-12
0
9
9
7
-7
-16
-32
-41
-56
-70
-90
-112
-133
-155
-172
-185
-195
-204
-205
-217
-235
-256
-161
147
572
916
1079
755
316
-179
-507
-568
-494
-397
-321
-248
-171
-68
126
343
453
426
292
195
168
165
156
145
131
114
95
69
46
35
106
343
748
1084
1142
947
516
159
-130
-298
-334
-328
-324
-302
-281
-240
-205
-169
-141
-129
-115
-104
-100
-90
-78
-66
-61
-59
-61
-72
-83
-98
-113
-127
-139
-154
-186
-224
-194
-24
400
824
1057
1037
619
150
-268
-490
-508
-464
-414
-341
-257
-185
-134
-111
-89
-59
-39
-22
-6
-1
13
19
19
20
13
-4
-26
-48
-59
2
204
574
970
1107
1025
619
229
-100
-294
-354
-363
-348
-336
-300
-258
-215
-177
-145
-126
-108
-95
-83
-76
-70
-65
-57
-58
-60
-61
-63
-70
-76
-95
-113
-123
-132
-139
-158
-192
-183
-35
351
815
1105
1187
777
301
-168
-437
-491
-461
-398
-287
-68
178
331
314
185
75
57
69
74
76
79
79
74
67
55
34
20
35
150
355
605
809
837
706
555
299
86
-133
-252
-295
-308
-300
-283
-256
-231
-209
-199
-185
-171
-163
-153
-154
-155
-167
-176
-186
-186
-191
-189
-196
-201
-211
-216
-232
-248
-262
-274
-280
-281
-254
-144
82
471
741
960
792
475
58
-294
-466
-513
-493
-444
-396
-327
-223
-112
-43
-24
-39
-45
-42
-35
-29
-28
-25
-34
-43
-53
-67
-82
-86
-41
83
317
555
757
865
740
509
192
-71
-226
-297
-332
-343
-323
-287
-245
-215
-183
-170
-156
-142
-132
-120
-119
-114
-114
-122
-122
-125
-133
-146
-159
-172
-195
-215
-228
-237
-251
-264
-286
-321
-336
-284
-87
334
771
1091
1070
670
176
-248
-423
-447
-396
-342
-276
-200
-122
-57
2
36
49
70
83
94
93
95
82
66
47
33
6
1
97
304
696
1004
1150
1163
828
524
150
-134
-266
-310
-332
-320
-291
-254
-223
-188
-166
-142
-135
-120
-119
-112
-110
-110
-111
-113
-117
-122
-133
-145
-164
-181
-199
-209
-219
-232
-238
-161
14
325
665
856
1025
820
536
95
-307
-508
-570
-542
-487
-422
-356
-213
35
240
337
263
133
63
47
40
36
29
20
3
-13
-22
-26
26
190
450
752
857
824
675
416
195
-58
-218
-298
-328
-324
-288
-239
-195
-162
-148
-140
-121
-100
-79
-61
-53
-45
-44
-53
-67
-78
-79
-81
-85
-88
-95
-109
-128
-159
-194
-127
30
416
714
1071
1084
903
492
30
-251
-355
-348
-295
-225
-170
-123
-74
-21
15
29
19
10
20
34
42
52
51
46
32
24
5
9
100
304
635
962
1093
1131
867
622
307
54
-81
-156
-179
-195
-158
-134
-96
-79
-73
-73
-63
-66
-64
-68
-80
-81
-93
-102
-104
-112
-126
-142
-154
-161
-169
-174
-177
-178
-188
-210
-125
80
509
913
1219
1151
794
309
-115
-326
-352
-316
-247
-87
133
289
330
223
110
69
64
71
70
82
77
66
62
49
39
31
51
157
344
586
746
822
821
734
626
422
173
6
-122
-204
-243
-251
-243
-224
-206
-196
-184
-164
-161
-150
-154
-154
-165
-171
-166
-168
-166
-175
-176
-181
-184
-190
-214
-240
-239
-174
-2
315
649
964
956
738
337
-51
-268
-344
-356
-346
-311
-228
8
311
514
508
311
126
34
-1
-20
-32
-41
-47
-51
-58
-72
-80
-91
-109
-136
-168
-196
-147
-8
273
598
837
905
713
395
39
-195
-314
-364
-375
-359
-327
-296
-269
-247
-228
-207
-199
-191
-189
-189
-189
-193
-190
-193
-193
-195
-200
-208
-210
-210
-213
-233
-257
-281
-230
-85
238
628
973
1031
777
350
-71
-300
-368
-370
-357
-329
-168
224
531
718
557
319
138
42
2
-26
-52
-70
-80
-83
-89
-102
-74
-4
131
266
317
385
477
533
589
467
260
59
-117
-233
-291
-303
-287
-259
-235
-221
-218
-219
-224
-232
-235
-239
-243
-243
-249
-256
-266
-280
-296
-313
-327
-344
-354
-357
-354
-360
-375
-378
-321
-191
56
381
736
894
784
427
-11
-293
-387
-405
-384
-338
-110
291
629
781
607
365
199
93
51
24
2
-20
-39
-44
-72
-89
-63
4
127
200
201
171
376
455
646
563
373
132
-97
-234
-286
-300
-294
-283
-281
-288
-284
-278
-253
-246
-231
-231
-230
-227
-228
-221
-223
-227
-228
-239
-242
-247
-247
-261
