-235
-221
-218
-219
-224
-232
-235
-239
-243
-243
-249
-256
-266
-280
-296
-313
-327
-344
-354
-357
-354
-360
-375
-378
-321
-191
56
381
736
894
784
427
-11
-293
-387
-405
-384
-338
-110
291
629
781
607
365
199
93
51
24
2
-20
-39
-44
-72
-89
-63
4
127
200
201
171
376
455
646
563
373
132
-97
-234
-286
-300
-294
-283
-281
-288
-284
-278
-253
-246
-231
-231
-230
-227
-228
-221
-223
-227
-228
-239
-242
-247
-247
-261
-283
-300
-258
-134
119
450
744
932
815
498
82
-216
-337
-359
-338
-318
-294
-194
169
488
733
653
402
195
65
-3
-34
-59
-80
-101
-119
-128
-140
-146
-156
-180
-223
-258
-228
-116
82
270
465
655
697
608
322
48
-141
-254
-295
-296
-286
-269
-253
-236
-215
-195
-178
-167
-156
-155
-155
-157
-154
-158
-159
-163
-180
-194
-203
-224
-241
-257
-271
-282
-283
-280
-287
-299
-294
-224
-64
257
622
1035
1101
890
439
-20
-278
-344
-326
-201
98
382
592
559
389
225
120
73
47
26
9
-5
-19
-32
-55
-89
-89
-26
83
204
232
213
147
442
613
861
797
577
315
70
-88
-159
-182
-175
-164
-159
-178
-200
-215
-220
-213
-210
-206
-208
-211
-207
-204
-213
-227
-238
-253
-254
-246
-235
-228
-236
-243
-211
-151
29
308
509
965
971
887
508
134
-89
-201
-227
-206
-169
-141
-112
-17
279
591
801
727
478
270
159
94
55
22
1
-32
-63
-51
2
126
255
317
382
598
730
932
862
606
329
84
-87
-170
-211
-211
-195
-185
-185
-206
-222
-226
-226
-220
-217
-211
-202
-199
-208
-213
-223
-234
-245
-253
-262
-271
-277
-279
-284
-294
-308
-309
-260
-162
20
308
596
952
963
762
345
1
-182
-247
-256
-249
-240
-174
207
541
854
798
547
322
178
101
61
27
-1
-39
-86
-109
-84
-20
58
96
17
-5
29
397
706
941
844
568
256
-7
-159
-231
-261
-262
-262
-263
-269
-276
-283
-277
-271
-262
-264
-262
-266
-270
-281
-305
-328
-348
-353
-355
-345
-339
-341
-359
-369
-333
-262
-81
184
470
845
937
827
436
59
-169
-293
-324
-303
-270
-251
-235
-170
98
413
629
590
361
158
53
-2
-52
-90
-122
-163
-182
-156
-92
4
55
49
71
304
590
898
945
720
424
129
-89
-197
-251
-262
-249
-237
-231
-240
-248
-250
-251
-247
-246
-252
-257
-260
-269
-281
-293
-307
-319
-324
-319
-314
-300
-286
-281
-284
-290
-283
-230
-108
131
439
862
1039
991
641
208
-75
-202
-239
-243
-232
-227
-42
361
708
881
703
448
259
155
98
58
27
0
-34
-72
-108
-117
-93
-39
37
68
29
25
173
528
846
977
772
470
172
-48
-162
-210
-216
-206
-199
-207
-214
-220
-217
-207
-200
-196
-195
-195
-202
-206
-213
-218
-227
-237
-246
-259
-271
-278
-280
-282
-290
-293
-299
-294
-246
-134
89
387
803
1016
1010
698
264
-52
-205
-265
-270
-244
-32
321
610
729
555
340
189
100
52
19
-5
-38
-77
-113
-132
-135
-128
-100
-79
-114
-240
-289
-245
208
571
953
1075
980
721
341
7
-190
-256
-242
-196
-173
-197
-245
-282
-293
-282
-260
-233
-213
-189
-168
-162
-175
-220
-262
-265
-203
-82
59
110
139
353
586
898
935
694
403
132
-73
-179
-221
-218
-200
-186
-173
-165
-161
-158
-159
-164
-176
-187
-204
-225
-244
-260
-275
-288
-298
-309
-321
-328
-330
-333
-340
-343
-373
-402
-375
-237
25
408
745
1038
1003
732
320
-21
-197
-264
-281
-263
-50
327
642
770
588
355
188
97
57
34
25
26
24
2
-40
-96
-135
-121
-58
36
112
68
41
79
367
698
938
848
617
337
77
-80
-153
-179
-190
-192
-201
-209
-204
-190
-182
-182
-184
-189
-195
-199
-199
-203
-214
-228
-248
-266
-283
-293
-297
-296
-294
-299
-302
-312
-312
-268
-153
87
366
788
963
962
656
251
-33
-183
-248
-251
-251
-244
-119
275
631
869
749
500
293
171
109
57
10
-25
-62
-72
-68
-39
2
27
-46
-188
-227
-142
242
598
922
1048
972
704
362
80
-75
-133
-129
-99
-93
-140
-204
-273
-320
-345
-344
-326
-303
-288
-290
-297
-292
-283
-278
-308
-348
-363
-305
-171
3
127
201
574
690
944
832
567
287
35
-130
-211
-232
-235
-229
-227
-217
-216
-213
-208
-196
-184
-174
-167
-166
-172
-180
-193
-213
-236
-247
-253
-254
-272
-292
-269
-191
-28
160
345
596
896
1005
886
526
200
-24
-162
-224
-231
-214
-195
-184
-178
-172
-162
-153
-148
-148
-157
-171
-184
-190
-198
-202
-206
-212
-222
-236
-249
-265
-281
-294
-309
-326
-341
-350
-354
-344
-324
-302
-297
-313
-308
-249
-47
314
693
1134
1241
1093
675
230
-49
-144
-159
-93
65
219
303
272
175
108
93
85
78
76
85
97
100
67
16
-32
-48
-31
-3
32
50
9
-116
-213
-167
19
249
421
593
853
1089
1182
982
560
199
8
-7
48
46
-50
-140
-218
-243
-237
-213
-178
-152
-127
-101
-84
-79
-79
-84
-98
-125
-147
-172
-195
-214
-228
-241
-258
-272
-287
-271
-247
-223
-112
101
518
966
1365
1340
1046
458
-24
-314
-423
-409
-360
-298
-194
-98
-31
-11
-25
-20
-14
-8
-4
-9
-3
-11
-17
-34
-49
-70
-96
-128
-165
-206
-248
-281
-293
-297
-302
-307
-318
-331
-347
-361
-369
-385
-422
-432
-340
-140
229
568
903
1035
972
718
380
101
-61
-131
-154
-143
-104
-69
-19
5
10
-3
-11
-11
7
9
