-384
-379
-354
-317
-277
-231
-179
-149
-161
-210
-233
-169
90
504
886
1049
865
536
194
-36
-175
-289
-385
-365
-188
60
215
212
68
-56
-112
-126
-137
-168
-215
-248
-195
18
336
701
860
738
459
89
-124
-251
-338
-413
-459
-471
-466
-451
-420
-369
-312
-269
-255
-271
-299
-313
-286
-159
132
538
912
989
781
408
132
-41
-148
-244
-300
-324
-316
-308
-298
-289
-275
-263
-278
-292
-310
-296
-269
-174
84
463
842
873
653
261
11
-108
-187
-244
-267
-248
-229
-199
-173
-149
-138
-149
-176
-205
-221
-212
-177
-66
209
626
990
992
780
403
177
14
-146
-305
-292
-88
149
282
210
34
-132
-230
-132
130
376
506
431
339
304
347
462
548
485
332
89
-61
-155
-226
-264
-280
-274
-281
-288
-304
-311
-307
-283
-252
-215
-186
-170
-180
-185
-192
-177
-21
337
756
914
750
395
114
-15
-94
-168
-221
-249
-259
-278
-298
-312
-310
-307
-305
-302
-309
-332
-348
-367
-389
-389
-368
-214
54
423
722
733
546
271
76
-57
-162
-290
-380
-328
-181
-65
-53
-181
-306
-366
-376
-348
-312
-275
-239
-219
-191
-165
-130
-109
-111
-122
-147
-163
-197
-196
-199
-222
-239
-135
180
552
820
837
701
498
271
72
-75
-158
-215
-235
-255
-238
-199
-105
20
148
242
271
282
388
556
688
680
460
211
-12
-128
-175
-207
-231
-235
-238
-237
-239
-244
-239
-232
-239
-198
-120
94
379
736
1065
1277
1297
1017
622
272
53
-20
-62
-78
-50
54
93
69
-63
-239
-360
-447
-499
-488
-251
172
476
611
426
215
111
73
56
4
-89
-161
-162
-124
-100
-133
-212
-283
-319
-307
-244
-168
-71
1
22
-15
-83
-155
-186
-200
-181
-163
-129
-22
241
626
960
1060
883
503
261
50
-48
-136
-211
-223
-203
-146
-104
-85
-105
-131
-147
-160
-112
48
375
794
1050
1028
686
266
-63
-266
-364
-390
-375
-309
-243
-178
-153
-130
-117
-96
-80
-54
-21
1
12
7
30
247
633
1079
1278
1116
779
403
156
-32
-146
-248
-312
-315
-301
-253
-212
-163
-127
-102
-84
-65
-57
-38
56
316
692
1074
1216
1073
763
403
130
-79
-202
-257
-279
-284
-290
-309
-332
-325
-281
-179
-25
140
373
624
706
637
381
91
-120
-287
-363
-356
-314
-265
-230
-217
-214
-203
-190
-176
-163
-155
-146
-145
-143
-146
-151
-158
-169
-186
-202
-194
-155
-116
-89
-82
65
402
800
1129
1075
835
513
183
-75
-317
-494
-606
-599
-316
-13
206
138
-122
-311
-230
27
273
388
278
146
56
-12
-68
-104
-128
-140
-154
-165
-172
-175
-178
-183
-179
-160
-98
44
214
371
420
353
208
38
-53
-83
-75
-88
-149
-156
-75
233
495
634
494
188
-109
-282
-326
-301
-264
-239
-226
-217
-209
-193
-173
-158
-147
-135
-134
-133
-137
-142
-151
-157
-162
-174
-185
-171
-154
-146
-153
-143
91
459
943
1173
1010
663
210
-92
-316
-482
-563
-591
-613
-574
-262
31
296
276
96
-3
-28
-60
-66
-51
9
111
214
300
359
363
334
261
115
3
-90
-102
-8
130
308
420
429
351
221
69
-66
-154
-187
-171
-110
23
247
563
848
914
713
391
58
-150
-247
-317
-308
-275
-238
-220
-204
-203
-197
-179
-156
-108
-77
-57
-59
-91
-140
-131
31
397
861
1060
885
443
25
-255
-410
-498
-508
-501
-490
-463
-435
-383
-315
-252
-193
-168
-162
-148
-123
-85
-47
2
113
311
543
820
1040
1111
1031
780
462
210
36
-21
-36
-40
-76
-123
-161
-182
-155
-107
-77
-85
-137
-201
-230
-157
163
626
1057
1252
957
556
89
-197
-337
-399
-388
-347
-311
-277
-248
-223
-207
-201
-185
-174
-152
-137
-111
-103
-98
-93
-101
-117
-144
-173
-207
-258
-306
-341
-377
-379
-370
-174
285
705
1048
902
597
213
-75
-270
-428
-510
-532
-527
-402
-3
321
597
568
421
332
261
200
134
112
174
348
540
745
868
891
768
536
267
19
-182
-328
-373
-363
-314
-270
-254
-248
-256
-265
-266
-244
-219
-201
-170
-51
267
677
994
1057
793
457
50
-138
-290
-313
-324
-321
-282
-230
-188
-161
-154
-167
-193
-232
-258
-255
-191
25
391
833
1090
1036
652
238
-157
-336
-438
-439
-398
-344
-299
-261
-231
-207
-183
-160
-140
-122
-110
-107
-119
-135
-157
-177
-193
-200
-214
-241
-261
-211
45
495
745
808
535
189
-64
-259
-385
-440
-434
-387
-312
-225
-140
-63
-1
48
78
100
107
106
99
90
77
59
35
9
-17
-46
-73
-110
-155
-214
-275
-308
-307
-209
165
707
1199
1368
1055
599
166
-113
-259
-328
-346
-347
-357
-382
-398
-374
-274
-65
171
385
499
540
546
522
431
260
65
-61
-97
-57
-7
17
1
-22
-48
-62
-59
-48
-34
-20
-6
-2
-8
-20
-32
-41
-52
-60
-72
-85
-96
-107
-119
-134
-143
-161
-181
-206
-230
-254
-290
-306
-301
-204
208
693
1219
1236
914
435
45
-184
-321
-396
-433
-455
-435
-62
259
586
587
417
306
260
223
195
206
269
339
369
346
284
240
213
159
87
-24
-101
-143
-103
3
91
147
110
48
-33
-74
-79
-101
-128
-162
-191
-200
-180
-134
52
447
858
1100
947
515
93
-184
-317
-340
-352
-323
-285
-250
-230
-216
-196
-166
-132
-97
-74
-69
-81
-124
-163
-234
-279
-163
228
737
1089
906
455
-119
-468
-644
-681
-595
-492
-380
-287
-201
-132
-83
-42
-15
0
-12
-13
-15
-7
-11
-28
-2
294
805
1270
1399
974
405
-144
