-111
-103
-98
-93
-101
-117
-144
-173
-207
-258
-306
-341
-377
-379
-370
-174
285
705
1048
902
597
213
-75
-270
-428
-510
-532
-527
-402
-3
321
597
568
421
332
261
200
134
112
174
348
540
745
868
891
768
536
267
19
-182
-328
-373
-363
-314
-270
-254
-248
-256
-265
-266
-244
-219
-201
-170
-51
267
677
994
1057
793
457
50
-138
-290
-313
-324
-321
-282
-230
-188
-161
-154
-167
-193
-232
-258
-255
-191
25
391
833
1090
1036
652
238
-157
-336
-438
-439
-398
-344
-299
-261
-231
-207
-183
-160
-140
-122
-110
-107
-119
-135
-157
-177
-193
-200
-214
-241
-261
-211
45
495
745
808
535
189
-64
-259
-385
-440
-434
-387
-312
-225
-140
-63
-1
48
78
100
107
106
99
90
77
59
35
9
-17
-46
-73
-110
-155
-214
-275
-308
-307
-209
165
707
1199
1368
1055
599
166
-113
-259
-328
-346
-347
-357
-382
-398
-374
-274
-65
171
385
499
540
546
522
431
260
65
-61
-97
-57
-7
17
1
-22
-48
-62
-59
-48
-34
-20
-6
-2
-8
-20
-32
-41
-52
-60
-72
-85
-96
-107
-119
-134
-143
-161
-181
-206
-230
-254
-290
-306
-301
-204
208
693
1219
1236
914
435
45
-184
-321
-396
-433
-455
-435
-62
259
586
587
417
306
260
223
195
206
269
339
369
346
284
240
213
159
87
-24
-101
-143
-103
3
91
147
110
48
-33
-74
-79
-101
-128
-162
-191
-200
-180
-134
52
447
858
1100
947
515
93
-184
-317
-340
-352
-323
-285
-250
-230
-216
-196
-166
-132
-97
-74
-69
-81
-124
-163
-234
-279
-163
228
737
1089
906
455
-119
-468
-644
-681
-595
-492
-380
-287
-201
-132
-83
-42
-15
0
-12
-13
-15
-7
-11
-28
-2
294
805
1270
1399
974
405
-144
-398
-464
-396
-276
-196
-166
-163
-167
-171
-167
-138
-98
-69
-57
-65
-37
169
585
1062
1318
1189
806
379
17
-201
-307
-311
-280
-254
-231
-208
-190
-179
-206
-239
-257
-266
-242
-138
114
511
812
867
474
35
-358
-496
-530
-505
-433
-369
-301
-250
-226
-203
-187
-141
-91
-43
-17
-22
-41
-40
65
366
759
1095
1183
924
569
155
-154
-335
-377
-320
-250
-213
-209
-203
-220
-245
-258
-249
-216
-179
-124
26
332
742
1029
1069
787
426
19
-220
-397
-444
-419
-375
-348
-333
-313
-288
-264
-236
-225
-226
-236
-250
-288
-322
-369
-354
-185
291
790
962
671
93
-366
-589
-655
-604
-501
-396
-323
-256
-204
-150
-100
-64
-25
-2
9
5
-11
-15
-19
-12
-20
-38
-65
44
445
948
1281
1168
736
203
-157
-390
-481
-477
-430
-386
-348
-319
-274
-253
-221
-214
-209
-210
-210
-200
-195
-185
-154
-124
-4
349
781
1116
1115
722
262
-170
-400
-461
-424
-343
-291
-262
-274
-284
-303
-310
-285
-236
-187
-143
-94
-45
14
61
94
106
116
161
218
344
530
753
916
883
716
429
132
-115
-284
-344
-346
-327
-308
-279
-248
-219
-206
-198
-199
-210
-223
-232
-237
-234
-230
-216
-217
-228
-243
-285
-325
-345
-350
-516
-670
-648
-168
370
828
889
684
409
104
-146
-278
-356
-397
-415
-416
-405
-357
-304
-233
-173
-127
-85
-44
3
48
89
124
148
165
169
164
140
112
80
46
14
-20
-60
-109
-179
-248
-271
-85
476
937
1249
1035
598
238
-1
-132
-176
-176
-139
-102
-77
-71
-74
-89
-108
-113
-106
-84
-46
10
98
275
536
826
1019
1015
840
591
373
253
206
199
225
263
330
444
497
453
276
14
-152
-177
-10
244
426
464
385
249
121
32
-11
-4
-12
-13
-34
-67
-69
-62
-48
-19
20
77
137
186
221
280
392
619
586
498
89
-349
-672
-838
-835
-748
-663
-576
-462
-350
-245
-152
-90
-51
-28
-27
-35
-57
-73
-81
-73
-56
21
286
762
1193
1359
1038
548
61
-256
-388
-393
-306
-220
-171
-153
-159
-159
-169
-177
-190
-209
-211
-219
-212
-186
-88
191
682
1058
1168
764
335
-62
-236
-328
-367
-328
-245
-175
-129
-105
-87
-75
-47
-12
31
53
46
40
79
265
660
1081
1365
1289
911
498
130
-65
-174
-203
-188
-176
-190
-224
-259
-295
-342
-381
-364
-292
-163
18
300
616
869
933
697
415
164
86
48
1
-43
-84
-117
-142
-170
-189
-198
-204
-208
-227
-252
-281
-314
-324
-281
-200
-196
-302
-563
-622
-244
264
773
889
756
555
270
-20
-230
-332
-357
-339
-321
-303
-308
-332
-371
-387
-375
-339
-275
-213
-151
-105
-71
-39
-15
6
19
27
28
19
6
-16
-43
-75
-105
-141
-174
-199
-217
-236
-250
-239
-214
-103
324
855
1385
1413
936
283
-268
-557
-629
-591
-519
-470
-450
-447
-447
-436
-421
-391
-353
-300
-243
-169
-95
-34
9
24
21
14
6
-2
-7
-5
-11
-23
-39
-56
-68
-86
-106
-135
-194
-257
-294
-274
-30
512
975
1235
983
472
-48
-342
-461
-477
-445
-391
-315
-242
-169
-102
-41
14
64
108
136
161
173
183
181
171
156
132
106
87
65
38
19
16
35
147
564
1058
1480
1456
1008
431
-59
-352
-451
-452
-404
-357
-333
-324
-307
-276
-244
-202
-161
-125
-82
-43
0
31
60
72
85
87
81
71
57
40
18
-3
-21
-37
-48
-57
-68
-76
-106
-159
-214
-254
-241
-74
454
1132
1555
1511
900
206
-256
-487
-539
-505
-428
-359
-283
-218
-159
-109
-63
-10
41
93
132
159
178
179
176
153
137
110
84
64
40
22
11
15
35
196
622
1103
1478
1366
886
331
