-10
-17
-2
-6
3
22
28
28
25
2
6
-16
-12
-15
-17
-1
13
38
38
27
37
38
43
38
13
-10
-33
-43
-46
-76
-74
-84
-88
-91
-100
-79
-74
-51
-33
-15
-5
-4
-26
-67
-85
-90
-96
-60
-43
-9
18
49
58
50
31
6
-9
-26
-20
-1
8
7
-8
-40
-47
-32
-21
-10
18
22
14
-5
-20
-26
-35
-51
-66
-80
-99
-112
-117
-122
-97
-81
-59
-46
-40
-36
-36
-9
-6
-9
-29
-62
-84
-102
-92
-73
-58
-34
-18
-11
-2
-1
1
-6
-8
16
21
19
-3
-18
-36
-51
-59
-60
-65
-66
-68
-63
-56
-41
-37
-22
-11
-15
-30
-46
-43
-52
-52
-54
-70
-73
-61
-25
6
8
4
-4
-23
-27
-40
-40
-43
-57
-72
-82
-75
-80
-89
-106
-87
-71
-51
-32
-2
20
35
25
3
-27
-44
-50
-52
-55
-42
-39
-23
-15
-9
-17
-23
-19
-30
-39
-48
-42
-40
-13
13
28
10
-27
-79
-111
-96
-56
0
23
24
-2
-27
-26
-12
-6
-5
-13
-23
-35
-19
-30
-16
-9
-4
1
-17
-19
-6
1
8
-11
-25
-46
-47
-60
-69
-75
-65
-29
-7
24
0
-15
-42
-43
-41
-36
-35
-39
-39
-30
-13
-16
-11
-7
-10
-28
-45
-31
-19
9
46
46
34
-3
-20
-33
-28
-23
3
16
36
43
46
33
30
9
7
-2
-19
-35
-41
-43
-28
-28
16
33
38
10
-2
-3
6
29
15
7
-10
-8
2
20
38
48
62
39
32
0
-9
-22
-36
-48
-59
-60
-58
-47
-23
-4
5
3
-6
-38
-37
-42
-22
-8
-2
-1
-5
-15
-36
-47
-69
-59
-38
-30
-12
-9
-14
-18
-21
-10
0
23
26
17
-16
-59
-73
-84
-88
-67
-66
-63
-51
-32
0
11
17
-6
-20
-16
-14
19
34
46
30
-7
-39
-60
-71
-76
-72
-75
-53
-41
-30
-49
-65
-79
-83
-81
-68
-68
-71
-80
-80
-75
-63
-40
-11
-19
-15
-40
-52
-56
-63
-74
-83
-95
-98
-94
-68
-45
-10
5
11
0
-44
-96
-131
-153
-147
-136
-144
-146
-140
-94
-59
-11
12
23
16
-17
-22
-44
-55
-65
-66
-58
-50
-23
-12
-1
16
4
7
-7
-13
-30
-38
-54
-37
-40
-38
-50
-62
-65
-40
-44
-42
-56
-66
-60
-56
-49
-45
-55
-60
-77
-73
-79
-75
-78
-82
-77
-78
-65
-61
-44
-65
-55
-55
-38
-34
-23
-24
-25
-23
-19
-19
-44
-68
-88
-98
-97
-77
-49
-42
-32
-39
-39
-39
-27
-23
-13
-35
-42
-70
-70
-64
-61
-65
-60
-48
-51
-64
-73
-77
-76
-55
-35
-9
5
27
26
15
0
-11
-23
-3
3
13
13
11
26
21
9
-1
11
5
18
-2
-11
-21
-16
-25
-41
-36
-38
-60
-90
-97
-89
-61
-20
15
16
5
-22
-55
-56
-61
-74
-80
-90
-51
-21
17
51
79
87
91
75
41
-8
-70
-101
-108
-74
-48
-39
-20
1
22
33
63
82
73
55
22
14
-31
-54
-92
-99
-105
-93
-87
-58
-44
-42
-63
-83
-64
-83
-99
-109
-82
-49
-7
9
2
-5
-36
-40
-38
-26
-2
-19
-38
-69
-79
-85
-70
-57
-44
-36
-30
-29
-45
-69
-94
-92
-75
-52
-35
-40
-41
-51
-60
-45
-28
-13
0
16
22
19
6
5
-19
-47
-60
-53
-23
-9
-11
-20
-37
-36
-46
-61
-75
-73
-61
-52
-37
-58
-78
-97
-64
0
48
65
60
37
17
1
-29
-45
-59
-49
-45
-27
-28
-28
-27
-33
-38
-60
-59
-58
-59
-37
-23
2
14
32
35
18
1
-12
-32
-44
-51
-51
-43
-50
-61
-60
-64
-56
-63
-70
-76
-62
-58
-42
-18
-23
-41
-65
-77
-86
-86
-76
-49
-25
-34
-44
-70
-66
-46
-3
19
58
81
68
56
36
18
1
-9
-22
-21
-31
-27
-20
-2
18
22
19
16
6
0
-15
-17
-30
-31
-36
-18
-4
3
5
8
31
52
84
75
54
23
1
-11
-13
16
38
65
89
112
127
112
92
46
26
18
16
6
-7
-9
-15
-28
-34
-48
-44
-25
-9
-7
-11
-17
-22
-40
-59
-62
-68
-60
-28
4
16
7
-20
-40
-60
-82
-99
-103
-74
-78
-73
-80
-72
-59
-39
-26
-5
-6
-18
-37
-77
-102
-112
-97
-60
-38
-26
-41
-41
-35
-34
-45
-56
-63
-70
-61
-42
-33
-26
-30
-16
-19
-12
-20
-5
-3
-8
-33
-72
-89
-82
-63
-57
-42
-30
-18
-9
-15
-21
-46
-59
-79
-103
-115
-112
-89
-69
-44
-15
-6
7
-6
-15
-26
-28
-41
-51
-73
-75
-75
-74
-44
-26
-1
26
44
53
67
62
66
44
36
26
24
-5
-19
-48
-56
-34
-13
16
17
38
63
54
45
9
-30
-51
-57
-60
-48
-33
-12
9
8
17
3
-13
-12
-24
-26
-32
-13
-7
-8
-1
-3
10
22
33
26
8
-3
-5
-11
-9
-17
-35
-49
-37
-27
-17
-21
-10
-4
-10
-25
-47
-56
-46
-31
-2
20
53
61
51
42
34
19
15
0
-8
-14
-32
-46
-55
-52
-24
-1
5
8
-1
-22
-38
-38
-56
-55
-51
-36
-26
-35
-44
-63
-68
-48
-43
-30
-45
-49
-61
-65
-66
-63
-58
-52
-26
-36
-35
-37
-30
-19
-47
-53
-59
-31
-13
4
1
3
0
-14
-31
-20
1
44
77
93
90
84
87
69
55
35
39
53
71
97
108
107
112
96
83
49
21
9
-10
-1
4
11
25
66
90
95
87
21
-40
-93
-107
