1
-11
-24
-35
-43
-57
-62
-69
-73
-75
-82
-86
-90
-82
-77
-73
-73
-76
-78
-71
-67
-61
-60
-64
-73
-81
-85
-83
-83
-87
-91
-87
-91
-93
-98
-103
-108
-116
-124
-131
-131
-125
-124
-127
-129
-123
-115
-105
-93
-78
-68
-57
-54
-48
-44
-35
-28
-24
-16
-14
-17
-16
-16
-14
-20
-20
-23
-20
-13
1
12
22
36
49
64
71
75
76
79
88
101
109
115
123
127
130
135
136
137
132
129
118
118
118
124
124
120
117
110
108
98
91
81
73
72
67
58
52
47
42
45
47
42
36
28
26
22
24
25
28
28
30
23
22
29
35
42
46
48
46
43
39
35
36
30
32
30
27
26
25
28
32
37
32
29
24
21
14
15
18
21
25
27
28
25
17
21
19
12
3
-9
-16
-22
-21
-23
-28
-33
-44
-49
-50
-54
-60
-70
-77
-86
-92
-95
-99
-104
-104
-101
-102
-110
-113
-119
-121
-126
-128
-125
-122
-114
-107
-94
-81
-64
-48
-38
-26
-10
-1
4
13
17
22
28
30
34
32
25
12
1
0
-2
-5
-13
-17
-20
-22
-26
-29
-40
-59
-80
-97
-108
-118
-123
-127
-117
-106
-97
-96
-100
-111
-126
-133
-137
-141
-146
-150
-157
-161
-153
-144
-136
-135
-132
-129
-126
-115
-103
-94
-85
-71
-62
-55
-45
-39
-35
-27
-20
-11
-2
7
14
23
32
45
52
67
79
86
84
75
61
45
34
23
15
7
0
2
2
10
16
21
33
39
50
50
51
51
55
60
63
61
61
64
67
73
74
77
72
58
55
54
59
56
48
38
35
35
30
27
18
20
23
28
28
30
28
32
37
44
50
57
67
72
79
81
81
83
85
88
82
79
78
79
75
67
63
53
50
51
52
54
55
61
65
65
70
73
72
64
57
47
44
41
29
10
0
-14
-18
-19
-21
-25
-35
-39
-44
-44
-40
-35
-31
-28
-25
-17
-15
-13
-12
-14
-16
-22
-26
-34
-40
-43
-41
-41
-33
-22
-11
-10
-9
-14
-8
1
12
12
15
22
31
42
50
46
40
39
43
40
38
39
46
53
54
46
39
27
24
18
3
-8
-22
-32
-39
-37
-36
-35
-32
-33
-39
-50
-55
-65
-75
-87
-100
-113
-117
-116
-112
-107
-102
-98
-100
-100
-96
-94
-96
-98
-105
-108
-107
-95
-84
-66
-54
-46
-33
-23
-3
0
7
13
18
16
10
9
-1
-1
0
5
8
14
21
22
21
19
17
16
15
14
14
12
10
10
8
8
10
15
23
32
35
29
25
14
12
3
-1
-16
-28
-41
-44
-45
-47
-37
-35
-28
-21
-11
-5
4
12
7
16
26
48
64
79
87
91
100
111
118
115
114
112
111
111
103
94
78
67
55
50
47
45
35
28
12
-3
-25
-39
-41
-34
-28
-15
-1
8
15
19
19
20
28
22
22
18
21
18
18
15
8
2
-3
-4
-2
7
11
15
9
6
0
-7
-12
-19
-29
-44
-56
-62
-74
-78
-81
-85
-90
-92
-81
-78
-67
-50
-36
-23
-16
-7
-1
-1
-2
-8
-21
-33
-48
-64
-81
-95
-108
-118
-118
-118
-115
-108
-95
-83
-77
-70
-74
-79
-87
-89
-93
-98
-112
-134
-161
-181
-189
-196
-199
-198
-191
-183
-172
-155
-133
-107
-78
-57
-42
-34
-35
-45
-46
-44
-34
-30
-25
-11
0
20
36
46
54
54
51
38
28
14
2
-12
-12
3
25
44
62
77
89
106
124
142
149
138
110
77
60
57
68
78
91
104
116
130
143
149
150
152
144
138
143
149
156
160
168
169
170
149
125
101
87
87
86
81
80
78
77
81
84
81
69
61
50
44
32
20
6
-5
-14
-16
-19
-18
-21
-21
-17
-13
-16
-31
-44
-52
-54
-45
-34
-24
-23
-20
-14
-16
-13
-14
-25
-42
-56
-65
-66
-58
-47
-37
-29
-20
-21
-24
-25
-24
-23
-26
-24
-23
-19
-23
-23
-33
-41
-45
-43
-45
-41
-32
-23
-10
-2
-4
-9
-19
-24
-27
-28
-22
-16
-11
3
14
20
18
18
15
11
6
-2
-19
-35
-48
-61
-76
-81
-83
-80
-80
-81
-82
-89
-83
-82
-78
-72
-61
-47
-33
-21
-12
-3
7
23
34
44
52
54
57
52
55
61
76
93
106
116
122
130
135
144
149
150
150
142
141
129
121
107
96
82
63
43
19
2
-17
-31
-33
-33
-26
-17
-11
-5
-1
5
10
11
8
0
-3
-12
-19
-29
-34
-44
-52
-52
-47
-49
-54
-51
-49
-47
-42
-43
-39
-32
-24
-24
-23
-24
-29
-37
-43
-52
-57
-61
-60
-59
-57
-57
-53
-51
-44
-32
-20
-14
-7
-4
-2
1
7
14
19
22
16
3
-10
-19
-26
-34
-36
-42
-45
-39
-34
-28
-15
-2
14
22
27
29
32
40
52
59
60
58
51
42
34
28
28
29
36
35
32
31
31
28
26
27
33
33
30
25
22
21
21
18
13
4
5
-3
-3
-4
-6
-5
-17
-22
-29
-30
-24
-14
-5
10
16
17
24
26
25
21
9
-4
-22
-34
-35
-22
-18
-8
-9
-11
-13
-16
-21
-25
-28
-34
-38
-42
-47
-49
-54
-58
-47
-44
-41
-44
-56
-67
-68
-72
-77
-89
-93
-88
-76
-62
-56
-53
-50
-40
-36
-26
-15
-8
-5
-11
-12
-17
-25
-35
-47
-51
-57
-58
-59
-63
-60
-61
-55
-50
