3
14
20
18
18
15
11
6
-2
-19
-35
-48
-61
-76
-81
-83
-80
-80
-81
-82
-89
-83
-82
-78
-72
-61
-47
-33
-21
-12
-3
7
23
34
44
52
54
57
52
55
61
76
93
106
116
122
130
135
144
149
150
150
142
141
129
121
107
96
82
63
43
19
2
-17
-31
-33
-33
-26
-17
-11
-5
-1
5
10
11
8
0
-3
-12
-19
-29
-34
-44
-52
-52
-47
-49
-54
-51
-49
-47
-42
-43
-39
-32
-24
-24
-23
-24
-29
-37
-43
-52
-57
-61
-60
-59
-57
-57
-53
-51
-44
-32
-20
-14
-7
-4
-2
1
7
14
19
22
16
3
-10
-19
-26
-34
-36
-42
-45
-39
-34
-28
-15
-2
14
22
27
29
32
40
52
59
60
58
51
42
34
28
28
29
36
35
32
31
31
28
26
27
33
33
30
25
22
21
21
18
13
4
5
-3
-3
-4
-6
-5
-17
-22
-29
-30
-24
-14
-5
10
16
17
24
26
25
21
9
-4
-22
-34
-35
-22
-18
-8
-9
-11
-13
-16
-21
-25
-28
-34
-38
-42
-47
-49
-54
-58
-47
-44
-41
-44
-56
-67
-68
-72
-77
-89
-93
-88
-76
-62
-56
-53
-50
-40
-36
-26
-15
-8
-5
-11
-12
-17
-25
-35
-47
-51
-57
-58
-59
-63
-60
-61
-55
-50
-54
-62
-69
-62
-56
-53
-51
-58
-55
-48
-38
-28
-24
-17
-5
-1
4
5
9
11
17
11
4
0
3
1
5
11
13
16
11
9
4
-2
0
3
9
11
17
21
20
19
20
18
20
26
25
32
32
33
41
52
65
72
76
80
85
86
85
75
65
52
45
36
21
7
-2
-5
-4
-6
-9
-11
-8
-8
-13
-19
-13
-2
7
18
23
31
32
41
42
51
57
56
45
34
26
15
4
-7
-18
-27
-30
-28
-28
-24
-27
-37
-32
-28
-23
-16
-10
-2
2
6
7
14
15
18
16
11
1
-8
-13
-17
-12
-11
-13
-16
-14
-5
-6
1
8
14
20
34
42
47
56
62
67
65
60
55
53
56
61
62
67
73
77
80
78
72
65
55
52
45
41
41
45
48
51
58
61
61
51
45
34
29
28
23
11
1
1
-8
-12
-20
-34
-48
-66
-73
-74
-72
-69
-69
-69
-67
-66
-69
-69
-68
-62
-51
-40
-24
-11
2
14
9
4
-3
-8
-6
-5
-2
-3
-5
0
0
-2
-4
3
12
18
29
32
38
36
40
47
51
56
55
52
53
51
45
34
22
13
2
-5
-15
-33
-40
-50
-57
-59
-70
-74
-86
-90
-85
-83
-82
-82
-88
-95
-97
-99
-95
-89
-72
-62
-53
-46
-43
-41
-44
-44
-51
-52
-52
-48
-39
-38
-27
-19
-11
0
3
12
15
25
38
51
57
60
58
52
52
49
49
51
61
72
82
90
96
96
93
92
81
70
53
32
8
-11
-24
-33
-34
-32
-27
-28
-27
-24
-22
-16
-15
-6
-2
3
-4
-15
-34
-47
-55
-54
-41
-23
-8
11
26
39
44
44
38
27
18
15
5
-4
-5
-5
-4
1
10
18
25
28
21
9
-5
-18
-26
-36
-46
-57
-66
-67
-61
-61
-52
-44
-36
-31
-31
-29
-35
-40
-42
-39
-35
-23
-9
4
20
29
26
19
11
11
15
21
32
42
43
49
47
44
38
36
32
30
28
23
14
11
12
17
27
40
48
53
57
60
54
50
43
44
47
48
48
40
34
31
33
32
38
51
62
75
83
88
84
78
73
67
64
60
51
39
23
9
-11
-32
-45
-54
-54
-55
-51
-52
-53
-59
-69
-80
-83
-78
-75
-68
-64
-58
-62
-56
-57
-51
-41
-30
-24
-22
-23
-23
-25
-24
-25
-33
-43
-49
-48
-49
-55
-55
-61
-60
-57
-53
-46
-40
-29
-24
-11
-2
7
13
15
15
11
7
8
8
7
2
5
0
-1
0
1
0
2
-1
3
6
18
33
40
48
53
53
59
55
47
34
10
-5
-18
-22
-15
-8
4
24
36
48
54
55
48
36
25
7
-14
-36
-51
-63
-72
-73
-75
-77
-76
-68
-51
-37
-21
-12
-10
-9
-13
-15
-15
-11
-15
-20
-32
-39
-54
-68
-86
-98
-105
-100
-88
-77
-64
-44
-34
-33
-35
-49
-66
-76
-79
-74
-70
-60
-51
-36
-28
-21
-15
-17
-15
-17
-23
-23
-25
-18
-13
-6
-1
2
7
13
14
2
-8
-21
-32
-36
-33
-38
-37
-37
-36
-26
-11
0
4
9
13
18
17
15
18
25
40
54
70
86
100
111
114
113
109
104
93
79
68
54
42
34
33
28
22
11
-2
-10
-12
-12
-12
-6
-4
-3
0
11
21
23
25
22
29
35
49
56
56
55
49
43
40
44
50
51
56
62
65
71
73
71
73
74
76
79
80
79
70
58
46
33
24
15
15
7
3
1
-1
4
16
20
18
13
9
0
1
3
16
21
15
6
4
0
4
8
14
19
25
31
33
35
31
30
28
26
21
12
8
5
3
-1
-1
-11
-24
-30
-45
-55
-70
-84
-103
-124
-138
-147
-148
-145
-133
-132
-130
-127
-119
-107
-95
-78
-67
-56
-50
-46
-44
-39
-30
-29
-27
-26
-28
-26
-26
-30
-31
-33
-36
-35
-39
-37
-36
-34
-32
-27
-28
-22
-14
-9
-12
-14
-11
-2
10
19
26
29
34
36
37
42
48
57
58
57
60
64
68
75
80
82
