-59
-69
-80
-83
-78
-75
-68
-64
-58
-62
-56
-57
-51
-41
-30
-24
-22
-23
-23
-25
-24
-25
-33
-43
-49
-48
-49
-55
-55
-61
-60
-57
-53
-46
-40
-29
-24
-11
-2
7
13
15
15
11
7
8
8
7
2
5
0
-1
0
1
0
2
-1
3
6
18
33
40
48
53
53
59
55
47
34
10
-5
-18
-22
-15
-8
4
24
36
48
54
55
48
36
25
7
-14
-36
-51
-63
-72
-73
-75
-77
-76
-68
-51
-37
-21
-12
-10
-9
-13
-15
-15
-11
-15
-20
-32
-39
-54
-68
-86
-98
-105
-100
-88
-77
-64
-44
-34
-33
-35
-49
-66
-76
-79
-74
-70
-60
-51
-36
-28
-21
-15
-17
-15
-17
-23
-23
-25
-18
-13
-6
-1
2
7
13
14
2
-8
-21
-32
-36
-33
-38
-37
-37
-36
-26
-11
0
4
9
13
18
17
15
18
25
40
54
70
86
100
111
114
113
109
104
93
79
68
54
42
34
33
28
22
11
-2
-10
-12
-12
-12
-6
-4
-3
0
11
21
23
25
22
29
35
49
56
56
55
49
43
40
44
50
51
56
62
65
71
73
71
73
74
76
79
80
79
70
58
46
33
24
15
15
7
3
1
-1
4
16
20
18
13
9
0
1
3
16
21
15
6
4
0
4
8
14
19
25
31
33
35
31
30
28
26
21
12
8
5
3
-1
-1
-11
-24
-30
-45
-55
-70
-84
-103
-124
-138
-147
-148
-145
-133
-132
-130
-127
-119
-107
-95
-78
-67
-56
-50
-46
-44
-39
-30
-29
-27
-26
-28
-26
-26
-30
-31
-33
-36
-35
-39
-37
-36
-34
-32
-27
-28
-22
-14
-9
-12
-14
-11
-2
10
19
26
29
34
36
37
42
48
57
58
57
60
64
68
75
80
82
85
90
92
98
102
103
101
96
90
79
70
62
56
48
45
43
38
40
47
51
50
44
35
22
8
-2
-12
-16
-18
-22
-27
-30
-33
-34
-42
-42
-41
-43
-44
-46
-45
-46
-39
-31
-18
-5
-2
-1
-3
1
2
6
5
10
9
13
10
1
-6
-17
-37
-50
-56
-48
-32
-21
-11
-8
-12
-16
-22
-19
-10
-11
-6
-14
-23
-35
-45
-54
-67
-73
-83
-89
-96
-104
-117
-120
-121
-125
-127
-127
-124
-125
-123
-119
-111
-100
-86
-73
-70
-62
-60
-55
-47
-30
-12
4
19
26
34
39
45
47
46
52
51
53
47
40
27
10
0
-7
-10
-4
5
18
32
43
56
66
75
87
85
81
79
80
82
85
89
89
88
88
87
89
84
86
85
90
99
105
105
99
85
74
55
43
32
19
20
8
3
2
2
-3
-12
-15
-26
-32
-35
-34
-25
-21
-15
-14
-15
-27
-32
-36
-36
-31
-31
-34
-30
-19
-16
-11
-6
-2
11
18
27
37
51
61
66
60
54
56
55
61
66
70
66
60
55
55
55
53
48
35
24
15
1
-11
-22
-27
-36
-38
-39
-42
-43
-38
-38
-43
-40
-37
-33
-36
-41
-47
-52
-56
-63
-74
-81
-84
-83
-82
-78
-79
-84
-89
-91
-91
-89
-82
-79
-75
-72
-61
-52
-40
-32
-27
-26
-25
-22
-25
-28
-20
-15
-4
-2
-1
-8
-14
-17
-32
-48
-57
-58
-57
-51
-47
-50
-63
-74
-92
-101
-103
-104
-102
-99
-94
-89
-88
-88
-87
-85
-87
-73
-57
-42
-29
-18
0
17
33
43
55
62
68
71
77
83
88
94
91
88
84
83
84
83
81
79
76
72
71
68
67
63
62
67
72
79
84
79
72
63
57
46
38
36
35
27
14
-6
-26
-43
-59
-76
-93
-108
-117
-124
-125
-123
-122
-116
-103
-87
-83
-80
-94
-112
-140
-153
-160
-161
-162
-167
-175
-181
-190
-195
-196
-185
-161
-134
-102
-72
-46
-24
-3
19
27
32
43
50
59
62
69
75
84
95
98
96
87
84
80
83
93
101
108
115
125
132
139
147
158
165
177
182
179
168
152
133
116
108
104
104
105
109
112
114
118
117
116
114
116
119
119
118
117
115
123
135
147
149
139
113
80
51
36
28
27
34
40
47
53
57
61
65
75
79
81
73
64
44
27
10
-7
-25
-36
-39
-44
-45
-47
-51
-59
-66
-73
-76
-73
-67
-61
-61
-63
-67
-72
-78
-82
-82
-89
-87
-87
-92
-94
-99
-102
-97
-83
-69
-48
-29
-15
-6
-2
7
10
15
9
11
7
8
8
6
-1
-4
2
10
14
18
20
19
11
9
4
5
8
10
7
4
-1
-10
-14
-21
-24
-34
-46
-58
-74
-82
-78
-71
-69
-64
-65
-63
-62
-63
-73
-86
-94
-95
-97
-96
-85
-78
-69
-57
-54
-47
-47
-42
-37
-32
-25
-31
-30
-29
-22
-19
-9
-12
-11
-13
-11
-6
-2
5
9
5
2
-6
-7
-15
-23
-29
-40
-50
-52
-50
-52
-52
-47
-40
-41
-42
-48
-52
-51
-43
-34
-26
-16
-8
2
19
39
55
62
63
63
62
62
60
62
63
67
68
64
69
77
84
88
86
73
55
37
20
8
-4
-11
-13
-18
-21
-26
-30
-31
-31
-35
-40
-43
-38
-38
-38
-37
-30
-25
-20
-9
0
15
31
42
48
54
59
62
66
68
69
68
70
74
79
90
98
103
100
97
90
75
60
52
47
48
58
64
70
75
76
73
59
56
56
56
61
62
57
44
34
20
4
-7
-18
-33
-42
