-43
-47
-53
-47
-34
-20
-14
-17
-9
-4
12
18
7
-38
-85
-122
-129
-101
-75
-51
-48
-45
-47
-51
-46
-29
-12
-21
-51
-105
-158
-189
-186
-153
-123
-78
-62
-42
-17
3
23
19
2
-43
-84
-119
-119
-107
-95
-88
-84
-92
-96
-93
-93
-82
-88
-111
-151
-168
-147
-93
-21
31
46
24
-5
-21
-44
-59
-79
-98
-111
-102
-78
-55
-31
-14
-9
-11
-3
2
-4
-27
-62
-95
-112
-115
-99
-81
-65
-53
-39
-37
-25
-8
19
39
42
13
-40
-76
-100
-110
-100
-62
-28
-1
8
-10
-32
-40
-39
-21
-20
-21
-36
-55
-58
-43
-36
-30
-40
-40
-36
-42
-55
-75
-88
-79
-68
-66
-65
-56
-45
-22
4
10
-2
-15
-51
-109
-155
-184
-170
-132
-96
-59
-43
-17
20
55
65
59
29
-1
-32
-53
-80
-114
-124
-111
-69
-14
35
47
26
-10
-44
-52
-22
7
36
31
33
30
19
-1
-30
-56
-69
-53
-31
-35
-46
-56
-59
-33
-11
-11
-39
-65
-64
-52
-41
-37
-21
4
38
50
14
-30
-53
-61
-68
-75
-85
-87
-65
-29
-1
2
6
9
23
31
21
-5
-33
-44
-45
-37
-28
-18
-8
-15
-15
-20
-32
-46
-52
-54
-47
-28
-26
-34
-33
-1
33
41
25
-17
-44
-47
-29
-15
-36
-76
-125
-143
-119
-55
-12
15
20
8
5
-6
-16
-42
-56
-51
-49
-51
-48
-25
3
39
54
42
23
4
5
6
-3
-21
-52
-87
-105
-102
-93
-67
-36
-9
1
6
-10
-42
-62
-59
-50
-36
-40
-40
-55
-59
-64
-65
-60
-38
-19
-9
-6
-3
-8
-13
-10
11
8
-9
-38
-60
-59
-50
-46
-63
-78
-77
-65
-35
-32
-52
-84
-105
-107
-107
-89
-74
-50
-37
-24
-7
-24
-40
-56
-56
-58
-54
-54
-62
-79
-83
-72
-52
-18
6
17
26
30
28
2
-38
-70
-100
-90
-73
-57
-46
-32
-20
9
32
49
45
20
3
-12
-31
-40
-52
-67
-81
-72
-50
-39
-39
-36
-19
18
54
57
33
-5
-31
-60
-71
-78
-79
-90
-88
-85
-84
-59
-21
11
28
38
45
47
49
39
29
1
-21
-47
-87
-125
-125
-95
-38
19
49
54
36
13
-10
-24
-5
25
35
20
-24
-54
-71
-39
-19
-5
-11
-11
-5
3
12
19
35
55
76
76
63
56
41
16
-9
-28
-62
-80
-100
-111
-106
-83
-45
-13
20
48
69
59
25
-26
-82
-116
-126
-111
-98
-83
-72
-64
-48
-19
25
61
86
69
9
-64
-106
-110
-90
-76
-87
-100
-97
-67
-37
-14
16
38
44
25
-4
-30
-39
-11
29
72
100
106
86
62
63
72
85
79
59
29
0
-20
-23
-25
-14
-7
-8
-1
20
50
66
52
13
-29
-57
-41
-13
21
50
80
92
88
66
30
5
-2
-5
-21
-43
-46
-42
-42
-39
-26
10
46
86
86
62
37
2
-23
-41
-49
-45
-35
-11
13
31
70
105
143
151
135
97
64
21
-17
-68
-114
-135
-139
-156
-169
-180
-177
-146
-88
-38
7
29
45
43
35
23
6
-13
-23
-4
13
42
49
34
17
11
15
4
-39
-100
-162
-197
-196
-163
-124
-76
-40
-20
-9
7
19
20
18
13
0
-34
-47
-60
-69
-65
-57
-49
-38
-23
-3
25
51
76
80
62
37
4
-23
-43
-51
-59
-56
-48
-52
-67
-74
-65
-58
-52
-53
-56
-61
-68
-58
-48
-29
-12
-5
-5
-6
-3
5
14
18
5
-28
-65
-104
-133
-145
-133
-116
-118
-124
-132
-121
-88
-34
-1
4
2
-13
-36
-58
-67
-54
-33
-4
3
-13
-25
-28
-32
-45
-60
-91
-98
-77
-42
-28
-45
-56
-58
-16
3
15
1
-22
-39
-58
-79
-95
-102
-107
-107
-88
-59
-41
-44
-60
-83
-93
-79
-56
-20
9
33
32
12
-15
-53
-83
-99
-81
-48
-1
43
74
75
67
77
79
92
78
28
-58
-138
-193
-200
-151
-85
-40
-33
-47
-63
-67
-51
-25
-6
1
12
4
-12
-37
-52
-55
-59
-56
-82
-121
-150
-135
-95
-45
-2
16
14
-2
-5
-12
-11
-11
2
14
38
43
29
2
-31
-49
-58
-50
-59
-103
-157
-188
-165
-123
-58
-11
11
19
22
13
-8
-38
-51
-56
-32
-9
10
11
23
43
66
77
62
21
-44
-91
-132
-153
-158
-145
-131
-118
-77
-31
13
48
71
73
66
46
21
0
-22
-34
-52
-70
-74
-74
-60
-33
2
23
26
34
23
5
-14
-24
-43
-50
-61
-62
-56
-47
-27
0
31
48
34
-9
-59
-76
-86
-89
-88
-96
-91
-64
-33
-16
-12
-6
29
79
123
115
73
12
-42
-76
-97
-106
-110
-107
-79
-24
36
74
85
75
45
15
-9
-45
-71
-86
-93
-92
-88
-70
-60
-41
-19
-10
-12
-29
-28
-25
-20
-22
-49
-72
-90
-97
-98
-90
-71
-52
-31
-13
6
17
27
34
33
19
-3
-29
-51
-55
-46
-22
-1
26
45
53
66
76
76
57
37
-11
-58
-94
-103
-93
-85
-85
-103
-109
-101
-72
-36
-18
0
-1
11
31
53
48
17
-14
-60
-85
-1
-32
-74
-96
-80
-59
-37
-42
-64
-75
-70
-50
-40
-41
-35
-35
-51
-66
-92
-107
-101
-74
-56
-56
-79
-98
-116
-107
-76
-22
25
75
103
110
96
51
-7
-71
-103
-122
-144
-163
-172
-162
-145
-106
-87
-76
-77
-49
-31
-27
-23
-42
-45
-54
-52
-57
-56
-50
-30
-9
17
27
6
-11
-13
-16
-24
