-124
-76
-40
-20
-9
7
19
20
18
13
0
-34
-47
-60
-69
-65
-57
-49
-38
-23
-3
25
51
76
80
62
37
4
-23
-43
-51
-59
-56
-48
-52
-67
-74
-65
-58
-52
-53
-56
-61
-68
-58
-48
-29
-12
-5
-5
-6
-3
5
14
18
5
-28
-65
-104
-133
-145
-133
-116
-118
-124
-132
-121
-88
-34
-1
4
2
-13
-36
-58
-67
-54
-33
-4
3
-13
-25
-28
-32
-45
-60
-91
-98
-77
-42
-28
-45
-56
-58
-16
3
15
1
-22
-39
-58
-79
-95
-102
-107
-107
-88
-59
-41
-44
-60
-83
-93
-79
-56
-20
9
33
32
12
-15
-53
-83
-99
-81
-48
-1
43
74
75
67
77
79
92
78
28
-58
-138
-193
-200
-151
-85
-40
-33
-47
-63
-67
-51
-25
-6
1
12
4
-12
-37
-52
-55
-59
-56
-82
-121
-150
-135
-95
-45
-2
16
14
-2
-5
-12
-11
-11
2
14
38
43
29
2
-31
-49
-58
-50
-59
-103
-157
-188
-165
-123
-58
-11
11
19
22
13
-8
-38
-51
-56
-32
-9
10
11
23
43
66
77
62
21
-44
-91
-132
-153
-158
-145
-131
-118
-77
-31
13
48
71
73
66
46
21
0
-22
-34
-52
-70
-74
-74
-60
-33
2
23
26
34
23
5
-14
-24
-43
-50
-61
-62
-56
-47
-27
0
31
48
34
-9
-59
-76
-86
-89
-88
-96
-91
-64
-33
-16
-12
-6
29
79
123
115
73
12
-42
-76
-97
-106
-110
-107
-79
-24
36
74
85
75
45
15
-9
-45
-71
-86
-93
-92
-88
-70
-60
-41
-19
-10
-12
-29
-28
-25
-20
-22
-49
-72
-90
-97
-98
-90
-71
-52
-31
-13
6
17
27
34
33
19
-3
-29
-51
-55
-46
-22
-1
26
45
53
66
76
76
57
37
-11
-58
-94
-103
-93
-85
-85
-103
-109
-101
-72
-36
-18
0
-1
11
31
53
48
17
-14
-60
-85
-1
-32
-74
-96
-80
-59
-37
-42
-64
-75
-70
-50
-40
-41
-35
-35
-51
-66
-92
-107
-101
-74
-56
-56
-79
-98
-116
-107
-76
-22
25
75
103
110
96
51
-7
-71
-103
-122
-144
-163
-172
-162
-145
-106
-87
-76
-77
-49
-31
-27
-23
-42
-45
-54
-52
-57
-56
-50
-30
-9
17
27
6
-11
-13
-16
-24
-42
-62
-86
-91
-79
-44
-23
-21
-40
-58
-50
-24
1
0
-5
-17
-39
-57
-81
-97
-101
-84
-58
-31
-16
5
1
-5
-7
2
16
6
-16
-62
-96
-91
-66
-20
22
63
80
70
62
44
33
27
19
-8
-44
-76
-105
-124
-127
-102
-69
-29
16
56
90
111
138
140
122
89
47
7
-34
-79
-135
-155
-142
-88
-34
7
38
53
62
63
49
25
-2
-32
-53
-61
-54
-34
-21
-6
0
-11
-23
-37
-55
-75
-96
-110
-113
-109
-108
-110
-110
-85
-73
-48
-56
-64
-87
-107
-88
-53
-21
-14
-29
-57
-73
-78
-72
-67
-69
-73
-84
-93
-90
-101
-112
-116
-101
-75
-43
-5
25
56
74
71
25
-26
-67
-95
-124
-143
-134
-104
-62
-21
-4
-7
-14
-14
-15
-18
-32
-61
-104
-144
-183
-206
-198
-169
-114
-56
9
63
95
102
99
87
69
50
6
-46
-82
-84
-63
-35
-4
32
61
80
88
78
64
60
53
49
41
44
40
32
26
11
-1
-19
-25
-29
-4
24
43
34
15
-10
-35
-29
-12
4
-3
-17
-20
-29
-10
11
29
33
38
41
37
37
49
59
64
58
59
54
51
34
-8
-51
-81
-82
-69
-49
-36
-37
-36
-35
-21
-1
23
54
64
51
34
-1
-40
-71
-77
-64
-42
-19
-22
-31
-40
-12
29
79
110
100
62
8
-15
-26
-10
-1
3
7
23
60
90
113
104
65
30
15
29
25
8
-15
-34
-50
-61
-59
-51
-30
-8
6
-4
-22
-55
-82
-98
-104
-114
-138
-153
-153
-140
102
162
182
163
112
35
-46
-109
-150
-179
-181
-167
-149
-129
-110
-88
-58
-21
22
24
0
-19
-28
-12
9
31
38
44
33
-5
-55
-98
-119
-127
-114
-102
-93
-93
-97
-96
-105
-103
-94
-60
-33
-8
-16
-46
-77
-102
-111
-121
-115
-114
-119
-123
-120
-122
-114
-101
-94
-94
-84
-55
-9
13
31
24
14
0
-2
-18
-49
-69
-91
-102
-95
-63
-38
-20
-23
-46
-71
-97
-94
-81
-52
-32
-41
-71
-118
-146
-156
-142
-106
-69
-43
-18
8
42
95
154
169
151
100
47
2
-21
-19
-2
7
10
1
-32
-48
-69
-74
-75
-66
-65
-66
-67
-56
-44
-48
-39
-32
-32
-33
-42
-57
-64
-62
-64
-66
-80
-79
-70
-46
-14
16
50
76
105
102
76
34
-3
-33
-58
-50
-45
-37
-23
-11
-3
4
1
-8
-4
16
26
28
14
14
4
5
11
10
-1
-19
-30
-33
-33
-30
-28
-10
14
39
48
49
57
64
52
35
8
-11
-3
15
22
6
-31
-79
-99
-75
-17
39
71
84
78
70
62
54
30
-15
-59
-89
-97
-102
-91
-93
-83
-67
-38
-23
-21
-20
-15
-11
-9
-27
-52
-71
-81
-93
-108
-103
-75
-38
-6
7
-20
-49
-60
-48
-25
-5
7
-13
-35
-40
-15
28
78
103
105
97
79
51
17
-14
-24
-13
15
33
22
-4
-8
5
34
45
35
-2
-36
-48
-57
-56
-84
-112
-148
-175
-174
-150
-100
-36
38
84
96
91
70
49
19
-1
-43
-61
-67
-59
-45
-11
11
19
17
15
13
3
-14
-27
-42
-46
-40
-30
