-122
-144
-163
-172
-162
-145
-106
-87
-76
-77
-49
-31
-27
-23
-42
-45
-54
-52
-57
-56
-50
-30
-9
17
27
6
-11
-13
-16
-24
-42
-62
-86
-91
-79
-44
-23
-21
-40
-58
-50
-24
1
0
-5
-17
-39
-57
-81
-97
-101
-84
-58
-31
-16
5
1
-5
-7
2
16
6
-16
-62
-96
-91
-66
-20
22
63
80
70
62
44
33
27
19
-8
-44
-76
-105
-124
-127
-102
-69
-29
16
56
90
111
138
140
122
89
47
7
-34
-79
-135
-155
-142
-88
-34
7
38
53
62
63
49
25
-2
-32
-53
-61
-54
-34
-21
-6
0
-11
-23
-37
-55
-75
-96
-110
-113
-109
-108
-110
-110
-85
-73
-48
-56
-64
-87
-107
-88
-53
-21
-14
-29
-57
-73
-78
-72
-67
-69
-73
-84
-93
-90
-101
-112
-116
-101
-75
-43
-5
25
56
74
71
25
-26
-67
-95
-124
-143
-134
-104
-62
-21
-4
-7
-14
-14
-15
-18
-32
-61
-104
-144
-183
-206
-198
-169
-114
-56
9
63
95
102
99
87
69
50
6
-46
-82
-84
-63
-35
-4
32
61
80
88
78
64
60
53
49
41
44
40
32
26
11
-1
-19
-25
-29
-4
24
43
34
15
-10
-35
-29
-12
4
-3
-17
-20
-29
-10
11
29
33
38
41
37
37
49
59
64
58
59
54
51
34
-8
-51
-81
-82
-69
-49
-36
-37
-36
-35
-21
-1
23
54
64
51
34
-1
-40
-71
-77
-64
-42
-19
-22
-31
-40
-12
29
79
110
100
62
8
-15
-26
-10
-1
3
7
23
60
90
113
104
65
30
15
29
25
8
-15
-34
-50
-61
-59
-51
-30
-8
6
-4
-22
-55
-82
-98
-104
-114
-138
-153
-153
-140
102
162
182
163
112
35
-46
-109
-150
-179
-181
-167
-149
-129
-110
-88
-58
-21
22
24
0
-19
-28
-12
9
31
38
44
33
-5
-55
-98
-119
-127
-114
-102
-93
-93
-97
-96
-105
-103
-94
-60
-33
-8
-16
-46
-77
-102
-111
-121
-115
-114
-119
-123
-120
-122
-114
-101
-94
-94
-84
-55
-9
13
31
24
14
0
-2
-18
-49
-69
-91
-102
-95
-63
-38
-20
-23
-46
-71
-97
-94
-81
-52
-32
-41
-71
-118
-146
-156
-142
-106
-69
-43
-18
8
42
95
154
169
151
100
47
2
-21
-19
-2
7
10
1
-32
-48
-69
-74
-75
-66
-65
-66
-67
-56
-44
-48
-39
-32
-32
-33
-42
-57
-64
-62
-64
-66
-80
-79
-70
-46
-14
16
50
76
105
102
76
34
-3
-33
-58
-50
-45
-37
-23
-11
-3
4
1
-8
-4
16
26
28
14
14
4
5
11
10
-1
-19
-30
-33
-33
-30
-28
-10
14
39
48
49
57
64
52
35
8
-11
-3
15
22
6
-31
-79
-99
-75
-17
39
71
84
78
70
62
54
30
-15
-59
-89
-97
-102
-91
-93
-83
-67
-38
-23
-21
-20
-15
-11
-9
-27
-52
-71
-81
-93
-108
-103
-75
-38
-6
7
-20
-49
-60
-48
-25
-5
7
-13
-35
-40
-15
28
78
103
105
97
79
51
17
-14
-24
-13
15
33
22
-4
-8
5
34
45
35
-2
-36
-48
-57
-56
-84
-112
-148
-175
-174
-150
-100
-36
38
84
96
91
70
49
19
-1
-43
-61
-67
-59
-45
-11
11
19
17
15
13
3
-14
-27
-42
-46
-40
-30
-8
24
56
62
42
7
-29
-66
-79
-78
-50
-22
0
9
10
22
33
35
35
36
42
69
103
122
113
65
0
-63
-101
-113
-110
-105
-95
-75
-65
-62
-60
-61
-46
-34
-30
-59
-97
-118
-112
-97
-78
-58
-45
-8
29
55
46
34
36
23
8
-25
-61
-95
-114
-108
-85
-27
29
79
74
46
-1
-46
-66
-72
-57
-50
-37
-45
-60
-64
-65
-63
-74
-82
-74
-55
-37
-27
-40
-66
-86
-98
-81
-61
-27
-14
-15
-28
-61
-101
-127
-119
-100
-65
-46
-60
-99
-128
-135
-123
-102
-79
-55
-25
-1
22
5
-31
-66
-86
-82
-67
-41
-25
-6
15
15
-5
-47
-107
-150
-161
-142
-107
-94
-95
-114
-137
-137
-112
-63
-4
54
85
93
92
95
82
46
8
-39
-87
-121
-135
-133
-131
-120
-99
-77
-35
-6
2
1
4
16
31
41
34
3
-34
-64
-78
-71
-55
-47
-40
-43
-34
-18
-10
8
31
36
36
16
-9
-38
-54
-55
-52
-34
-16
-8
-11
-24
-46
-70
-62
-29
-1
-3
-24
-56
-85
-106
-90
-60
-28
-3
-4
-3
9
31
28
7
-20
-57
-79
-107
-111
-100
-80
-58
-54
-61
-52
-3
42
82
102
104
96
97
106
108
97
67
28
-14
-53
-96
-137
-158
-158
-149
-133
-123
-112
-114
-116
-113
-119
-125
-132
-114
-85
-45
-9
0
-12
-37
-49
-54
-46
-30
-9
4
13
-16
-68
-96
-84
-52
-35
-40
-76
-112
-137
-134
-106
-72
-18
3
24
22
9
-1
4
38
70
72
41
-5
-41
-77
-86
-99
-73
-47
-8
0
7
14
34
47
70
87
86
77
50
5
-50
-85
-92
-82
-52
-41
-33
-32
-16
13
19
20
4
-12
-20
-30
-29
-32
-33
-22
-22
-41
-71
-115
-148
-151
-112
-75
-60
-51
-41
-14
13
49
79
101
116
119
112
92
63
32
0
-22
-42
-61
-89
-105
-117
-91
-39
10
30
28
39
62
103
123
88
26
-52
-89
-101
-80
-51
-39
-24
-23
-10
-2
8
28
39
55
75
85
65
27
-5
-26
-33
-20
-10
-20
-33
-67
-96
-109
-87
