-198
-199
-210
-223
-232
-237
-234
-230
-216
-217
-228
-243
-285
-325
-345
-350
-516
-670
-648
-168
370
828
889
684
409
104
-146
-278
-356
-397
-415
-416
-405
-357
-304
-233
-173
-127
-85
-44
3
48
89
124
148
165
169
164
140
112
80
46
14
-20
-60
-109
-179
-248
-271
-85
476
937
1249
1035
598
238
-1
-132
-176
-176
-139
-102
-77
-71
-74
-89
-108
-113
-106
-84
-46
10
98
275
536
826
1019
1015
840
591
373
253
206
199
225
263
330
444
497
453
276
14
-152
-177
-10
244
426
464
385
249
121
32
-11
-4
-12
-13
-34
-67
-69
-62
-48
-19
20
77
137
186
221
280
392
619
586
498
89
-349
-672
-838
-835
-748
-663
-576
-462
-350
-245
-152
-90
-51
-28
-27
-35
-57
-73
-81
-73
-56
21
286
762
1193
1359
1038
548
61
-256
-388
-393
-306
-220
-171
-153
-159
-159
-169
-177
-190
-209
-211
-219
-212
-186
-88
191
682
1058
1168
764
335
-62
-236
-328
-367
-328
-245
-175
-129
-105
-87
-75
-47
-12
31
53
46
40
79
265
660
1081
1365
1289
911
498
130
-65
-174
-203
-188
-176
-190
-224
-259
-295
-342
-381
-364
-292
-163
18
300
616
869
933
697
415
164
86
48
1
-43
-84
-117
-142
-170
-189
-198
-204
-208
-227
-252
-281
-314
-324
-281
-200
-196
-302
-563
-622
-244
264
773
889
756
555
270
-20
-230
-332
-357
-339
-321
-303
-308
-332
-371
-387
-375
-339
-275
-213
-151
-105
-71
-39
-15
6
19
27
28
19
6
-16
-43
-75
-105
-141
-174
-199
-217
-236
-250
-239
-214
-103
324
855
1385
1413
936
283
-268
-557
-629
-591
-519
-470
-450
-447
-447
-436
-421
-391
-353
-300
-243
-169
-95
-34
9
24
21
14
6
-2
-7
-5
-11
-23
-39
-56
-68
-86
-106
-135
-194
-257
-294
-274
-30
512
975
1235
983
472
-48
-342
-461
-477
-445
-391
-315
-242
-169
-102
-41
14
64
108
136
161
173
183
181
171
156
132
106
87
65
38
19
16
35
147
564
1058
1480
1456
1008
431
-59
-352
-451
-452
-404
-357
-333
-324
-307
-276
-244
-202
-161
-125
-82
-43
0
31
60
72
85
87
81
71
57
40
18
-3
-21
-37
-48
-57
-68
-76
-106
-159
-214
-254
-241
-74
454
1132
1555
1511
900
206
-256
-487
-539
-505
-428
-359
-283
-218
-159
-109
-63
-10
41
93
132
159
178
179
176
153
137
110
84
64
40
22
11
15
35
196
622
1103
1478
1366
886
331
-131
-365
-439
-433
-406
-374
-348
-323
-297
-267
-231
-197
-155
-111
-61
-20
17
36
53
65
65
66
53
37
16
1
-17
-32
-52
-48
-18
44
128
215
272
260
224
214
282
408
619
790
847
739
418
22
-320
-544
-618
-596
-537
-470
-397
-328
-236
-167
-96
-58
-15
23
58
83
94
96
87
70
45
15
-7
-30
-47
-66
-83
-85
-86
74
524
935
1198
875
298
-279
-555
-639
-590
-484
-377
-290
-215
-150
-103
-66
-43
-23
-12
0
9
9
7
-7
-16
-32
-41
-56
-70
-90
-112
-133
-155
-172
-185
-195
-204
-205
-217
-235
-256
-161
147
572
916
1079
755
316
-179
-507
-568
-494
-397
-321
-248
-171
-68
126
343
453
426
292
195
168
165
156
145
131
114
95
69
46
35
106
343
748
1084
1142
947
516
159
-130
-298
-334
-328
-324
-302
-281
-240
-205
-169
-141
-129
-115
-104
-100
-90
-78
-66
-61
-59
-61
-72
-83
-98
-113
-127
-139
-154
-186
-224
-194
-24
400
824
1057
1037
619
150
-268
-490
-508
-464
-414
-341
-257
-185
-134
-111
-89
-59
-39
-22
-6
-1
13
19
19
20
13
-4
-26
-48
-59
2
204
574
970
1107
1025
619
229
-100
-294
-354
-363
-348
-336
-300
-258
-215
-177
-145
-126
-108
-95
-83
-76
-70
-65
-57
-58
-60
-61
-63
-70
-76
-95
-113
-123
-132
-139
-158
-192
-183
-35
351
815
1105
1187
777
301
-168
-437
-491
-461
-398
-287
-68
178
331
314
185
75
57
69
74
76
79
79
74
67
55
34
20
35
150
355
605
809
837
706
555
299
86
-133
-252
-295
-308
-300
-283
-256
-231
-209
-199
-185
-171
-163
-153
-154
-155
-167
-176
-186
-186
-191
-189
-196
-201
-211
-216
-232
-248
-262
-274
-280
-281
-254
-144
82
471
741
960
792
475
58
-294
-466
-513
-493
-444
-396
-327
-223
-112
-43
-24
-39
-45
-42
-35
-29
-28
-25
-34
-43
-53
-67
-82
-86
-41
83
317
555
757
865
740
509
192
-71
-226
-297
-332
-343
-323
-287
-245
-215
-183
-170
-156
-142
-132
-120
-119
-114
-114
-122
-122
-125
-133
-146
-159
-172
-195
-215
-228
-237
-251
-264
-286
-321
-336
-284
-87
334
771
1091
1070
670
176
-248
-423
-447
-396
-342
-276
-200
-122
-57
2
36
49
70
83
94
93
95
82
66
47
33
6
1
97
304
696
1004
1150
1163
828
524
150
-134
-266
-310
-332
-320
-291
-254
-223
-188
-166
-142
-135
-120
-119
-112
-110
-110
-111
-113
-117
-122
-133
-145
-164
-181
-199
-209
-219
-232
-238
-161
14
325
665
856
1025
820
536
95
-307
-508
-570
-542
-487
-422
-356
-213
35
240
337
263
133
63
47
40
36
29
20
3
-13
-22
-26
26
190
450
752
857
824
675
416
195
-58
-218
-298
-328
-324
-288
-239
-195
-162
-148
-140
-121
-100
-79
-61
-53
-45
-44
-53
-67
-78
-79
-81
-85
-88
-95
-109
-128
-159
-194
-127
30
416
