-194
-24
400
824
1057
1037
619
150
-268
-490
-508
-464
-414
-341
-257
-185
-134
-111
-89
-59
-39
-22
-6
-1
13
19
19
20
13
-4
-26
-48
-59
2
204
574
970
1107
1025
619
229
-100
-294
-354
-363
-348
-336
-300
-258
-215
-177
-145
-126
-108
-95
-83
-76
-70
-65
-57
-58
-60
-61
-63
-70
-76
-95
-113
-123
-132
-139
-158
-192
-183
-35
351
815
1105
1187
777
301
-168
-437
-491
-461
-398
-287
-68
178
331
314
185
75
57
69
74
76
79
79
74
67
55
34
20
35
150
355
605
809
837
706
555
299
86
-133
-252
-295
-308
-300
-283
-256
-231
-209
-199
-185
-171
-163
-153
-154
-155
-167
-176
-186
-186
-191
-189
-196
-201
-211
-216
-232
-248
-262
-274
-280
-281
-254
-144
82
471
741
960
792
475
58
-294
-466
-513
-493
-444
-396
-327
-223
-112
-43
-24
-39
-45
-42
-35
-29
-28
-25
-34
-43
-53
-67
-82
-86
-41
83
317
555
757
865
740
509
192
-71
-226
-297
-332
-343
-323
-287
-245
-215
-183
-170
-156
-142
-132
-120
-119
-114
-114
-122
-122
-125
-133
-146
-159
-172
-195
-215
-228
-237
-251
-264
-286
-321
-336
-284
-87
334
771
1091
1070
670
176
-248
-423
-447
-396
-342
-276
-200
-122
-57
2
36
49
70
83
94
93
95
82
66
47
33
6
1
97
304
696
1004
1150
1163
828
524
150
-134
-266
-310
-332
-320
-291
-254
-223
-188
-166
-142
-135
-120
-119
-112
-110
-110
-111
-113
-117
-122
-133
-145
-164
-181
-199
-209
-219
-232
-238
-161
14
325
665
856
1025
820
536
95
-307
-508
-570
-542
-487
-422
-356
-213
35
240
337
263
133
63
47
40
36
29
20
3
-13
-22
-26
26
190
450
752
857
824
675
416
195
-58
-218
-298
-328
-324
-288
-239
-195
-162
-148
-140
-121
-100
-79
-61
-53
-45
-44
-53
-67
-78
-79
-81
-85
-88
-95
-109
-128
-159
-194
-127
30
416
714
1071
1084
903
492
30
-251
-355
-348
-295
-225
-170
-123
-74
-21
15
29
19
10
20
34
42
52
51
46
32
24
5
9
100
304
635
962
1093
1131
867
622
307
54
-81
-156
-179
-195
-158
-134
-96
-79
-73
-73
-63
-66
-64
-68
-80
-81
-93
-102
-104
-112
-126
-142
-154
-161
-169
-174
-177
-178
-188
-210
-125
80
509
913
1219
1151
794
309
-115
-326
-352
-316
-247
-87
133
289
330
223
110
69
64
71
70
82
77
66
62
49
39
31
51
157
344
586
746
822
821
734
626
422
173
6
-122
-204
-243
-251
-243
-224
-206
-196
-184
-164
-161
-150
-154
-154
-165
-171
-166
-168
-166
-175
-176
-181
-184
-190
-214
-240
-239
-174
-2
315
649
964
956
738
337
-51
-268
-344
-356
-346
-311
-228
8
311
514
508
311
126
34
-1
-20
-32
-41
-47
-51
-58
-72
-80
-91
-109
-136
-168
-196
-147
-8
273
598
837
905
713
395
39
-195
-314
-364
-375
-359
-327
-296
-269
-247
-228
-207
-199
-191
-189
-189
-189
-193
-190
-193
-193
-195
-200
-208
-210
-210
-213
-233
-257
-281
-230
-85
238
628
973
1031
777
350
-71
-300
-368
-370
-357
-329
-168
224
531
718
557
319
138
42
2
-26
-52
-70
-80
-83
-89
-102
-74
-4
131
266
317
385
477
533
589
467
260
59
-117
-233
-291
-303
-287
-259
-235
-221
-218
-219
-224
-232
-235
-239
-243
-243
-249
-256
-266
-280
-296
-313
-327
-344
-354
-357
-354
-360
-375
-378
-321
-191
56
381
736
894
784
427
-11
-293
-387
-405
-384
-338
-110
291
629
781
607
365
199
93
51
24
2
-20
-39
-44
-72
-89
-63
4
127
200
201
171
376
455
646
563
373
132
-97
-234
-286
-300
-294
-283
-281
-288
-284
-278
-253
-246
-231
-231
-230
-227
-228
-221
-223
-227
-228
-239
-242
-247
-247
-261
-283
-300
-258
-134
119
450
744
932
815
498
82
-216
-337
-359
-338
-318
-294
-194
169
488
733
653
402
195
65
-3
-34
-59
-80
-101
-119
-128
-140
-146
-156
-180
-223
-258
-228
-116
82
270
465
655
697
608
322
48
-141
-254
-295
-296
-286
-269
-253
-236
-215
-195
-178
-167
-156
-155
-155
-157
-154
-158
-159
-163
-180
-194
-203
-224
-241
-257
-271
-282
-283
-280
-287
-299
-294
-224
-64
257
622
1035
1101
890
439
-20
-278
-344
-326
-201
98
382
592
559
389
225
120
73
47
26
9
-5
-19
-32
-55
-89
-89
-26
83
204
232
213
147
442
613
861
797
577
315
70
-88
-159
-182
-175
-164
-159
-178
-200
-215
-220
-213
-210
-206
-208
-211
-207
-204
-213
-227
-238
-253
-254
-246
-235
-228
-236
-243
-211
-151
29
308
509
965
971
887
508
134
-89
-201
-227
-206
-169
-141
-112
-17
279
591
801
727
478
270
159
94
55
22
1
-32
-63
-51
2
126
255
317
382
598
730
932
862
606
329
84
-87
-170
-211
-211
-195
-185
-185
-206
-222
-226
-226
-220
-217
-211
-202
-199
-208
-213
-223
-234
-245
-253
-262
-271
-277
-279
-284
-294
-308
-309
-260
-162
20
308
596
952
963
762
345
1
-182
-247
-256
-249
-240
-174
207
541
854
798
547
322
178
101
61
27
-1
-39
-86
-109
-84
-20
58
96
17
-5
29
397
706
941
844
568
256
-7
-159
-231
-261
-262
-262
-263
-269
-276
-283
-277
-271
-262
-264
-262
-266
-270
-281
-305
-328
-348
-353
-355
-345
-339
-341
-359
-369
-333
-262
-81
184
470
845
937
827
436
59
