-23
-16
-17
-10
-14
-20
-25
-34
-33
-37
-40
-35
-37
-40
-51
-61
-73
-80
-81
-81
-80
-76
-69
-66
-64
-62
-56
-53
-49
-45
-47
-43
-35
-32
-26
-29
-30
-33
-34
-36
-37
-33
-32
-31
-35
-35
-41
-31
-38
-32
-29
-35
-42
-56
-60
-63
-75
-76
-77
-72
-55
-46
-37
-31
-32
-30
-28
-26
-26
-23
-24
-23
-26
-33
-40
-48
-52
-51
-35
-32
-21
-7
-4
-1
-4
-5
-1
-2
5
7
6
-2
-9
-23
-30
-41
-43
-42
-43
-47
-55
-66
-67
-67
-68
-65
-67
-61
-57
-54
-46
-51
-51
-44
-46
-42
-43
-37
-39
-39
-42
-41
-36
-33
-36
-29
-21
-24
-20
-29
-27
-26
-22
-21
-26
-32
-42
-53
-61
-67
-70
-68
-66
-67
-69
-73
-81
-83
-80
-71
-65
-59
-58
-55
-47
-42
-35
-21
-12
-1
1
7
1
0
-9
-2
-15
-14
-17
-20
-21
-25
-32
-36
-36
-37
-43
-43
-42
-43
-52
-59
-63
-55
-48
-42
-36
-31
-25
-22
-22
-17
-15
-24
-22
-22
-28
-27
-32
-37
-45
-50
-56
-54
-49
-41
-36
-39
-45
-49
-54
-53
-54
-49
-55
-52
-47
-36
-27
-24
-20
-26
-31
-40
-50
-56
-53
-48
-41
-38
-36
-39
-44
-48
-54
-63
-61
-54
-46
-44
-37
-38
-31
-25
-22
-21
-36
-46
-56
-65
-67
-65
-58
-54
-48
-43
-48
-48
-52
-53
-51
-41
-36
-35
-29
-19
-13
-11
-1
0
0
3
8
7
9
11
-4
-17
-20
-30
-38
-43
-44
-40
-27
-23
-16
-14
-9
-7
-9
-14
-26
-36
-51
-58
-63
-57
-56
-51
-40
-33
-27
-18
-21
-10
-9
5
11
21
32
24
20
14
1
-6
-19
-16
-23
-25
-33
-35
-50
-62
-70
-70
-76
-77
-70
-63
-46
-25
-12
3
17
23
18
16
15
12
9
11
14
17
26
27
25
24
23
19
23
23
31
28
22
16
15
9
2
-15
-17
-26
-28
-33
-38
-51
-64
-78
-86
-89
-90
-87
-83
-68
-56
-46
-36
-35
-29
-29
-28
-33
-46
-55
-76
-84
-87
-91
-93
-103
-110
-123
-133
-141
-139
-130
-120
-112
-107
-92
-71
-51
-32
-20
16
34
39
37
23
5
-13
-42
-55
-57
-50
-40
-27
-16
-5
4
4
4
-2
-10
-5
-3
-5
-4
-2
7
10
11
18
17
17
19
10
1
-1
-7
-10
-19
-23
-26
-34
-39
-40
-38
-33
-29
-24
-23
-13
-11
-20
-22
-25
-23
-27
-28
-27
-27
-18
-11
-12
-8
-7
-20
-24
-28
-30
-36
-34
-36
-40
-44
-54
-62
-72
-75
-71
-64
-57
-49
-40
-28
-26
-22
-26
-24
-21
-24
-29
-26
-35
-41
-50
-56
-60
-63
-66
-69
-77
-82
-82
-80
-82
-80
-81
-81
-86
-86
-93
-99
-102
-105
-108
-112
-112
-114
-114
-117
-106
-103
-96
-89
-79
-69
-64
-67
-71
-77
-83
-83
-80
-76
-66
-62
-54
-53
-49
-48
-49
-44
-47
-47
-47
-48
-53
-48
-45
-43
-45
-45
-47
-49
-45
-40
-36
-31
-23
-19
-22
-33
-41
-56
-62
-63
-61
-56
-49
-47
-39
-37
-32
-25
-26
-25
-20
-28
-31
-35
-29
-29
-24
-24
-20
-16
-23
-13
-13
-13
-16
-18
-24
-30
-33
-37
-36
-50
-53
-62
-64
-67
-62
-50
-40
-37
-29
-22
-22
-13
-15
-11
-15
-23
-27
-28
-32
-33
-39
-26
-16
-7
-4
-11
-17
-27
-33
-34
-31
-32
-41
-50
-61
-76
-88
-96
-104
-109
-116
-118
-122
-116
-110
-102
-93
-83
-74
-73
-73
-72
-74
-71
-64
-55
-51
-45
-47
-49
-50
-42
-40
-33
-23
-7
-6
2
-2
-1
-1
1
2
-4
0
-15
-19
-24
-18
-25
-30
-33
-36
-50
-52
-62
-55
-61
-48
-52
-51
-41
-35
-26
-26
-19
-12
-22
-20
-29
-29
-34
-35
-41
-46
-43
-37
-40
-42
-42
-38
-35
-30
-24
-16
-24
-20
-29
-29
-23
-17
-21
-19
-35
-45
-48
-50
-46
-50
-54
-58
-60
-56
-48
-41
-45
-52
-55
-57
-60
-61
-60
-63
-59
-59
-62
-67
-74
-75
-75
-74
-67
-64
-55
-44
-32
-26
-11
-10
-9
-11
-7
-2
0
-2
-1
5
13
9
11
8
3
-4
-20
-26
-22
-29
-29
-36
-35
-29
-23
-17
-17
-19
-19
-17
-20
-26
-29
-39
-41
-46
-45
-41
-33
-21
-21
-26
-31
-35
-28
-20
-15
-12
-17
-16
-13
-16
-23
-24
-32
-30
-38
-32
-31
-27
-17
-17
-13
-3
-5
-5
-9
-13
-12
-11
-7
-12
-17
-26
-25
-23
-13
-10
-11
-3
-8
-8
-6
-1
2
-1
-4
-9
-14
-20
-27
-35
-33
-29
-23
-27
-29
-29
-28
-21
-18
-10
-24
-38
-46
-51
-59
-58
-51
-42
-36
-38
-40
-39
-39
-49
-47
-37
-32
-29
-32
-39
-42
-47
-56
-63
-52
-43
-40
-29
-18
-22
-19
-21
-28
-22
-19
-11
-1
5
3
0
-10
-25
-32
-43
-44
-46
-55
-58
-63
-61
-60
-64
-63
-62
-63
-66
-69
-75
-75
-70
-67
-60
-53
-49
-48
-44
-44
-42
-45
-43
-48
-45
-43
-37
-34
-37
-28
-18
-12
-7
-1
-9
-5
0
-1
1
1
-7
-16
-18
-16
-9
-5
-16
-21
-22
-15
-15
-13
-15
-14
-22
-13
-10
-2
-1
0
0
-10
-12
-18
-29
-38
-41
-42
-40
-41
-39
-32
-32
-33
-29
-29
-32
-38
-39
-30
-19
-14
-6
-17
-27
-19
-26
-27
-36
-49
-50
-52
-52
-60
-65
-71
-75
-72
-68
-57
-51
-47
-31
-29
-29
-28
-35
-38
-41
-42
-40
-37
-24
-28
-31
-36
-36
-42
