-79
-69
-64
-67
-71
-77
-83
-83
-80
-76
-66
-62
-54
-53
-49
-48
-49
-44
-47
-47
-47
-48
-53
-48
-45
-43
-45
-45
-47
-49
-45
-40
-36
-31
-23
-19
-22
-33
-41
-56
-62
-63
-61
-56
-49
-47
-39
-37
-32
-25
-26
-25
-20
-28
-31
-35
-29
-29
-24
-24
-20
-16
-23
-13
-13
-13
-16
-18
-24
-30
-33
-37
-36
-50
-53
-62
-64
-67
-62
-50
-40
-37
-29
-22
-22
-13
-15
-11
-15
-23
-27
-28
-32
-33
-39
-26
-16
-7
-4
-11
-17
-27
-33
-34
-31
-32
-41
-50
-61
-76
-88
-96
-104
-109
-116
-118
-122
-116
-110
-102
-93
-83
-74
-73
-73
-72
-74
-71
-64
-55
-51
-45
-47
-49
-50
-42
-40
-33
-23
-7
-6
2
-2
-1
-1
1
2
-4
0
-15
-19
-24
-18
-25
-30
-33
-36
-50
-52
-62
-55
-61
-48
-52
-51
-41
-35
-26
-26
-19
-12
-22
-20
-29
-29
-34
-35
-41
-46
-43
-37
-40
-42
-42
-38
-35
-30
-24
-16
-24
-20
-29
-29
-23
-17
-21
-19
-35
-45
-48
-50
-46
-50
-54
-58
-60
-56
-48
-41
-45
-52
-55
-57
-60
-61
-60
-63
-59
-59
-62
-67
-74
-75
-75
-74
-67
-64
-55
-44
-32
-26
-11
-10
-9
-11
-7
-2
0
-2
-1
5
13
9
11
8
3
-4
-20
-26
-22
-29
-29
-36
-35
-29
-23
-17
-17
-19
-19
-17
-20
-26
-29
-39
-41
-46
-45
-41
-33
-21
-21
-26
-31
-35
-28
-20
-15
-12
-17
-16
-13
-16
-23
-24
-32
-30
-38
-32
-31
-27
-17
-17
-13
-3
-5
-5
-9
-13
-12
-11
-7
-12
-17
-26
-25
-23
-13
-10
-11
-3
-8
-8
-6
-1
2
-1
-4
-9
-14
-20
-27
-35
-33
-29
-23
-27
-29
-29
-28
-21
-18
-10
-24
-38
-46
-51
-59
-58
-51
-42
-36
-38
-40
-39
-39
-49
-47
-37
-32
-29
-32
-39
-42
-47
-56
-63
-52
-43
-40
-29
-18
-22
-19
-21
-28
-22
-19
-11
-1
5
3
0
-10
-25
-32
-43
-44
-46
-55
-58
-63
-61
-60
-64
-63
-62
-63
-66
-69
-75
-75
-70
-67
-60
-53
-49
-48
-44
-44
-42
-45
-43
-48
-45
-43
-37
-34
-37
-28
-18
-12
-7
-1
-9
-5
0
-1
1
1
-7
-16
-18
-16
-9
-5
-16
-21
-22
-15
-15
-13
-15
-14
-22
-13
-10
-2
-1
0
0
-10
-12
-18
-29
-38
-41
-42
-40
-41
-39
-32
-32
-33
-29
-29
-32
-38
-39
-30
-19
-14
-6
-17
-27
-19
-26
-27
-36
-49
-50
-52
-52
-60
-65
-71
-75
-72
-68
-57
-51
-47
-31
-29
-29
-28
-35
-38
-41
-42
-40
-37
-24
-28
-31
-36
-36
-42
-41
-39
-34
-38
-41
-43
-47
-42
-33
-38
-38
-43
-38
-46
-39
-41
-39
-40
-39
-34
-34
-29
-32
-34
-35
-42
-35
-36
-38
-40
-51
-53
-59
-59
-63
-65
-64
-57
-54
-52
-52
-58
-64
-61
-57
-52
-45
-47
-54
-50
-53
-58
-60
-59
-45
-31
-23
-26
-24
-25
-25
-29
-34
-34
-30
-30
-25
-15
-19
-20
-21
-32
-33
-40
-38
-37
-40
-45
-46
-52
-56
-56
-60
-62
-63
-67
-70
-73
-75
-80
-85
-87
-85
-82
-82
-80
-81
-80
-84
-86
-91
-85
-79
-77
-75
-71
-73
-77
-86
-93
-101
-108
-115
-111
-100
-86
-76
-74
-73
-68
-63
-51
-41
-36
-28
-26
-29
-28
-27
-28
-26
-22
-22
-30
-22
-27
-35
-43
-46
-50
-50
-54
-55
-54
-47
-44
-43
-42
-40
-44
-39
-44
-46
-44
-39
-35
-21
-14
0
8
16
23
26
33
27
18
11
8
9
2
-7
-10
-18
-20
-15
-4
-6
-7
-11
-23
-29
-41
-44
-58
-64
-68
-69
-77
-85
-92
-106
-119
-132
-148
-157
-156
-144
-125
-106
-83
-63
-45
-25
-8
-7
-2
-4
-5
-15
-23
-33
-46
-55
-59
-61
-67
-70
-71
-71
-66
-65
-64
-66
-65
-62
-62
-55
-51
-43
-40
-35
-30
-36
-42
-42
-42
-40
-41
-37
-36
-35
-21
-16
-7
-1
-1
10
20
29
35
35
31
35
39
45
39
35
25
21
20
8
0
-11
-12
-16
-13
-20
-18
-15
-13
-14
-16
-27
-35
-42
-39
-43
-46
-51
-54
-53
-51
-48
-40
-36
-28
-17
-10
1
0
4
0
3
6
-5
-22
-33
-46
-47
-52
-56
-60
-66
-64
-72
-71
-73
-66
-57
-51
-52
-47
-42
-45
-36
-40
-45
-49
-58
-64
-69
-74
-79
-82
-76
-77
-67
-64
-53
-48
-40
-30
-32
-30
-35
-36
-37
-28
-26
-31
-34
-43
-47
-53
-55
-47
-36
-30
-27
-18
-13
-11
-14
-24
-21
-24
-23
-19
-13
-11
-18
-17
-18
-20
-23
-27
-30
-32
-37
-35
-39
-42
-41
-45
-45
-42
-40
-32
-40
-47
-50
-50
-40
-40
-42
-50
-57
-57
-67
-66
-59
-51
-44
-44
-43
-32
-22
-21
-16
-16
-13
-10
-14
-4
-3
-3
-7
-3
5
-3
-4
2
2
1
-4
1
-1
4
3
-2
-15
-23
-20
-22
-42
-45
-49
-64
-73
-78
-80
-79
-76
-75
-76
-75
-73
-66
-71
-72
-75
-79
-77
-68
-56
-43
-29
-27
-27
-23
-20
-29
-38
-31
-30
-23
-25
-29
-27
-33
-32
-36
-41
-48
-53
-57
-64
-66
-66
-59
-55
-49
-49
-39
-36
-41
-44
-51
-49
-50
-49
-48
-51
-51
-46
-46
-49
-47
-47
-45
-50
-54
-58
-54
-46
-40
-33
-27
-12
-5
-3
2
3
2
3
12
18
16
13
12
2
-1
-15
-24
-40
-47
-56
-64
-66
-67
-59
-56
-52
-55
-54
-48
