-49
-48
-44
-44
-42
-45
-43
-48
-45
-43
-37
-34
-37
-28
-18
-12
-7
-1
-9
-5
0
-1
1
1
-7
-16
-18
-16
-9
-5
-16
-21
-22
-15
-15
-13
-15
-14
-22
-13
-10
-2
-1
0
0
-10
-12
-18
-29
-38
-41
-42
-40
-41
-39
-32
-32
-33
-29
-29
-32
-38
-39
-30
-19
-14
-6
-17
-27
-19
-26
-27
-36
-49
-50
-52
-52
-60
-65
-71
-75
-72
-68
-57
-51
-47
-31
-29
-29
-28
-35
-38
-41
-42
-40
-37
-24
-28
-31
-36
-36
-42
-41
-39
-34
-38
-41
-43
-47
-42
-33
-38
-38
-43
-38
-46
-39
-41
-39
-40
-39
-34
-34
-29
-32
-34
-35
-42
-35
-36
-38
-40
-51
-53
-59
-59
-63
-65
-64
-57
-54
-52
-52
-58
-64
-61
-57
-52
-45
-47
-54
-50
-53
-58
-60
-59
-45
-31
-23
-26
-24
-25
-25
-29
-34
-34
-30
-30
-25
-15
-19
-20
-21
-32
-33
-40
-38
-37
-40
-45
-46
-52
-56
-56
-60
-62
-63
-67
-70
-73
-75
-80
-85
-87
-85
-82
-82
-80
-81
-80
-84
-86
-91
-85
-79
-77
-75
-71
-73
-77
-86
-93
-101
-108
-115
-111
-100
-86
-76
-74
-73
-68
-63
-51
-41
-36
-28
-26
-29
-28
-27
-28
-26
-22
-22
-30
-22
-27
-35
-43
-46
-50
-50
-54
-55
-54
-47
-44
-43
-42
-40
-44
-39
-44
-46
-44
-39
-35
-21
-14
0
8
16
23
26
33
27
18
11
8
9
2
-7
-10
-18
-20
-15
-4
-6
-7
-11
-23
-29
-41
-44
-58
-64
-68
-69
-77
-85
-92
-106
-119
-132
-148
-157
-156
-144
-125
-106
-83
-63
-45
-25
-8
-7
-2
-4
-5
-15
-23
-33
-46
-55
-59
-61
-67
-70
-71
-71
-66
-65
-64
-66
-65
-62
-62
-55
-51
-43
-40
-35
-30
-36
-42
-42
-42
-40
-41
-37
-36
-35
-21
-16
-7
-1
-1
10
20
29
35
35
31
35
39
45
39
35
25
21
20
8
0
-11
-12
-16
-13
-20
-18
-15
-13
-14
-16
-27
-35
-42
-39
-43
-46
-51
-54
-53
-51
-48
-40
-36
-28
-17
-10
1
0
4
0
3
6
-5
-22
-33
-46
-47
-52
-56
-60
-66
-64
-72
-71
-73
-66
-57
-51
-52
-47
-42
-45
-36
-40
-45
-49
-58
-64
-69
-74
-79
-82
-76
-77
-67
-64
-53
-48
-40
-30
-32
-30
-35
-36
-37
-28
-26
-31
-34
-43
-47
-53
-55
-47
-36
-30
-27
-18
-13
-11
-14
-24
-21
-24
-23
-19
-13
-11
-18
-17
-18
-20
-23
-27
-30
-32
-37
-35
-39
-42
-41
-45
-45
-42
-40
-32
-40
-47
-50
-50
-40
-40
-42
-50
-57
-57
-67
-66
-59
-51
-44
-44
-43
-32
-22
-21
-16
-16
-13
-10
-14
-4
-3
-3
-7
-3
5
-3
-4
2
2
1
-4
1
-1
4
3
-2
-15
-23
-20
-22
-42
-45
-49
-64
-73
-78
-80
-79
-76
-75
-76
-75
-73
-66
-71
-72
-75
-79
-77
-68
-56
-43
-29
-27
-27
-23
-20
-29
-38
-31
-30
-23
-25
-29
-27
-33
-32
-36
-41
-48
-53
-57
-64
-66
-66
-59
-55
-49
-49
-39
-36
-41
-44
-51
-49
-50
-49
-48
-51
-51
-46
-46
-49
-47
-47
-45
-50
-54
-58
-54
-46
-40
-33
-27
-12
-5
-3
2
3
2
3
12
18
16
13
12
2
-1
-15
-24
-40
-47
-56
-64
-66
-67
-59
-56
-52
-55
-54
-48
-37
-33
-31
-20
-16
-13
-3
4
1
7
2
2
-7
-22
-13
-22
-20
-24
-20
-20
-20
-24
-25
-23
-23
-31
-25
-25
-26
-33
-29
-31
-33
-43
-48
-41
-40
-39
-43
-43
-43
-42
-42
-43
-46
-45
-42
-39
-36
-33
-31
-32
-32
-23
-20
-16
-8
2
1
-2
-2
0
-3
-3
-8
-2
-10
-13
-13
-17
-7
-8
-7
-6
-4
-10
-13
-18
-15
-5
2
-8
-9
-21
-24
-29
-34
-39
-40
-44
-47
-42
-36
-23
-24
-21
-20
-18
-21
-25
-32
-37
-49
-52
-58
-58
-60
-59
-60
-61
-65
-65
-67
-67
-66
-62
-55
-45
-43
-34
-29
-29
-29
-30
-33
-29
-29
-22
-15
-2
12
15
19
8
-7
-7
-14
-27
-35
-41
-51
-54
-63
-59
-61
-66
-70
-69
-63
-55
-45
-31
-23
-7
0
0
3
2
-4
-10
-24
-33
-46
-48
-52
-51
-54
-55
-64
-66
-64
-65
-73
-71
-69
-71
-70
-78
-81
-89
-92
-99
-110
-115
-113
-105
-92
-86
-79
-72
-61
-55
-48
-36
-33
-31
-14
-9
1
4
8
14
17
14
8
2
-9
-10
-21
-23
-32
-41
-42
-47
-47
-55
-60
-60
-54
-51
-41
-33
-26
-25
-29
-25
-30
-35
-41
-49
-51
-54
-50
-41
-38
-26
-20
-21
-14
-4
-1
-2
-7
-18
-24
-29
-28
-26
-31
-42
-49
-62
-70
-87
-98
-111
-121
-124
-127
-122
-116
-107
-100
-89
-81
-74
-71
-75
-77
-77
-75
-68
-60
-53
-40
-32
-17
-7
-5
-6
-10
4
9
14
13
13
17
12
9
4
-1
-1
-8
-17
-13
-18
-17
-18
-22
-29
-40
-39
-39
-27
-19
-10
-9
-4
-3
-21
-26
-40
-43
-38
-40
-43
-51
-59
-70
-72
-75
-74
-67
-61
-46
-37
-27
-16
-17
-8
-9
-8
-4
0
4
-3
-3
-2
0
-3
-12
-23
-45
-63
-86
-104
-118
-125
-130
-125
-114
-94
-67
-44
-16
3
6
11
15
15
20
22
26
35
32
34
27
20
4
-10
-27
-36
-63
-82
-91
-89
-81
-79
-75
-83
-95
-103
-106
-93
-73
-55
-37
-31
-26
-28
-22
-30
-24
-21
-16
-2
