-6
-4
-12
-19
-28
-30
-33
-32
-24
-19
-16
-14
-14
-11
-5
-2
5
11
16
9
9
12
7
3
4
-1
-8
-9
-9
-9
-12
-11
-13
-17
-27
-31
-39
-36
-37
-39
-36
-27
-29
-34
-40
-50
-52
-54
-37
-14
-8
1
10
16
10
17
26
17
17
10
10
10
11
9
7
11
-1
-13
-22
-33
-44
-58
-72
-75
-74
-68
-61
-54
-55
-57
-67
-74
-83
-86
-88
-87
-84
-82
-83
-82
-78
-74
-73
-72
-68
-61
-53
-50
-47
-45
-46
-52
-56
-58
-63
-62
-63
-65
-69
-76
-84
-88
-97
-99
-97
-88
-81
-74
-67
-57
-49
-42
-40
-45
-56
-62
-71
-75
-79
-78
-74
-71
-73
-71
-76
-79
-79
-81
-79
-77
-74
-64
-54
-38
-31
-27
-25
-27
-32
-26
-20
-12
-9
-5
1
-5
2
2
-12
-13
-17
-20
-21
-24
-22
-15
-2
0
-3
-3
-10
-13
-6
1
0
0
-2
-5
-6
-8
-4
-4
2
3
5
6
-2
-1
-1
-2
-8
-7
-13
-17
-20
-18
-12
-5
-4
-7
-15
-27
-24
-22
-20
-14
-10
-10
-5
-6
-12
-23
-19
-21
-13
-8
-5
-18
-26
-35
-38
-41
-33
-31
-26
-34
-43
-58
-62
-55
-43
-36
-32
-36
-42
-50
-49
-61
-66
-74
-65
-56
-57
-59
-57
-52
-41
-38
-34
-29
-32
-26
-32
-38
-30
-30
-33
-30
-35
-29
-29
-32
-41
-37
-32
-30
-31
-35
-41
-47
-54
-56
-61
-57
-55
-50
-48
-45
-36
-33
-34
-32
-30
-38
-33
-30
-23
-14
-17
-14
-13
-21
-26
-28
-37
-43
-46
-40
-45
-51
-54
-52
-50
-50
-46
-45
-37
-34
-34
-23
-17
-5
-12
-15
-16
-15
-20
-23
-29
-42
-55
-62
-63
-55
-53
-53
-57
-62
-63
-65
-66
-73
-78
-83
-91
-99
-105
-109
-112
-115
-120
-123
-125
-125
-113
-103
-93
-84
-71
-56
-45
-39
-36
-35
-22
-15
-5
-3
4
3
5
4
0
-14
-21
-32
-48
-66
-83
-91
-99
-93
-80
-70
-56
-55
-51
-41
-31
-22
-8
2
9
17
18
17
6
-8
-27
-31
-33
-26
-20
-17
-10
-12
-2
-2
3
0
7
-2
-4
-5
-2
-6
-12
-20
-29
-35
-36
-49
-54
-62
-69
-82
-88
-92
-98
-102
-107
-102
-89
-73
-46
-37
-27
-22
-18
-21
-25
-29
-27
-31
-12
-7
-2
-3
-5
-10
-18
-12
-15
-1
-5
2
-3
-1
-7
-7
-17
-21
-24
-22
-12
-7
-3
2
5
1
-8
-22
-33
-40
-31
-14
-7
-16
-28
-40
-55
-72
-82
-92
-96
-96
-95
-91
-91
-89
-81
-80
-77
-83
-90
-95
-88
-79
-64
-45
-19
-12
-3
6
-2
-2
-1
-1
0
-6
-9
-23
-31
-37
-33
-30
-27
-15
-9
-3
7
11
9
10
2
-4
-13
-15
-26
-30
-45
-51
-65
-74
-79
-82
-77
-70
-63
-66
-65
-70
-70
-71
-65
-56
-55
-52
-56
-59
-64
-74
-86
-99
-104
-109
-105
-99
-90
-84
-76
-65
-55
-48
-47
-46
-51
-57
-64
-62
-56
-54
-50
-38
-39
-26
-33
-37
-36
-35
-40
-45
-38
-38
-34
-32
-27
-25
-27
-28
-29
-24
-22
-23
-28
-36
-40
-47
-47
-45
-40
-28
-25
-18
-16
-14
-7
-11
1
7
6
8
3
4
1
-2
-11
-29
-36
-51
-51
-44
-34
-30
-21
-20
-17
-16
-14
-9
-11
-13
-20
-20
-22
-19
-11
-13
-9
-11
-8
-7
-1
1
-4
-15
-24
-34
-48
-58
-69
-79
-87
-93
-103
-118
-131
-138
-136
-123
-102
-81
-58
-37
-24
-16
-4
-6
-3
-14
-28
-41
-52
-61
-69
-79
-91
-98
-97
-90
-76
-63
-43
-27
-15
-4
-2
11
22
31
33
23
16
5
-8
-19
-31
-46
-60
-75
-92
-104
-114
-121
-123
-123
-122
-121
-119
-119
-116
-107
-98
-82
-65
-47
-36
-28
-22
-20
-19
-24
-31
-36
-41
-41
-42
-38
-37
-34
-36
-33
-27
-25
-20
-13
-6
-6
-7
4
14
26
23
25
27
22
18
13
7
2
-1
-13
-12
-15
1
9
17
26
17
20
20
16
10
3
-1
-7
-16
-22
-21
-19
-32
-36
-34
-22
-9
-13
-16
-18
-29
-27
-39
-45
-56
-64
-66
-68
-63
-52
-32
-15
3
8
10
3
-2
-9
-19
-15
-10
-6
-7
-10
-10
-12
-12
-12
-11
-9
-8
-13
-16
-24
-31
-38
-42
-47
-48
-50
-47
-46
-35
-42
-43
-44
-43
-43
-36
-30
-29
-27
-27
-23
-20
-17
-21
-29
-31
-36
-32
-26
-19
-21
-29
-36
-37
-44
-41
-40
-32
-31
-28
-26
-33
-34
-45
-49
-55
-58
-56
-57
-59
-58
-53
-48
-39
-43
-47
-51
-52
-51
-52
-44
-39
-35
-29
-29
-32
-37
-42
-45
-48
-48
-52
-57
-66
-70
-73
-77
-70
-62
-51
-48
-50
-45
-41
-41
-39
-34
-37
-38
-42
-53
-57
-59
-64
-68
-64
-59
-57
-60
-57
-53
-48
-40
-39
-38
-31
-31
-31
-32
-31
-40
-46
-46
-57
-57
-53
-43
-35
-38
-36
-34
-38
-32
-28
-35
-36
-42
-51
-55
-59
-57
-62
-64
-62
-57
-63
-67
-71
-83
-95
-97
-92
-79
-59
-47
-34
-19
-6
-1
8
0
-11
-29
-48
-57
-64
-70
-71
-70
-64
-58
-50
-46
-34
-23
-14
-4
5
17
18
18
23
22
23
23
12
5
-2
-15
-29
-46
-62
-75
-84
-85
-76
-70
-59
-52
-52
-42
-30
-12
-2
-3
-1
-4
-12
-9
-7
-14
-22
-20
-17
-15
-20
-25
-31
-37
-36
-29
-23
-11
-13
-12
-17
-20
-23
-25
-28
-24
-31
-30
