-77
-76
-55
-35
-9
5
27
26
15
0
-11
-23
-3
3
13
13
11
26
21
9
-1
11
5
18
-2
-11
-21
-16
-25
-41
-36
-38
-60
-90
-97
-89
-61
-20
15
16
5
-22
-55
-56
-61
-74
-80
-90
-51
-21
17
51
79
87
91
75
41
-8
-70
-101
-108
-74
-48
-39
-20
1
22
33
63
82
73
55
22
14
-31
-54
-92
-99
-105
-93
-87
-58
-44
-42
-63
-83
-64
-83
-99
-109
-82
-49
-7
9
2
-5
-36
-40
-38
-26
-2
-19
-38
-69
-79
-85
-70
-57
-44
-36
-30
-29
-45
-69
-94
-92
-75
-52
-35
-40
-41
-51
-60
-45
-28
-13
0
16
22
19
6
5
-19
-47
-60
-53
-23
-9
-11
-20
-37
-36
-46
-61
-75
-73
-61
-52
-37
-58
-78
-97
-64
0
48
65
60
37
17
1
-29
-45
-59
-49
-45
-27
-28
-28
-27
-33
-38
-60
-59
-58
-59
-37
-23
2
14
32
35
18
1
-12
-32
-44
-51
-51
-43
-50
-61
-60
-64
-56
-63
-70
-76
-62
-58
-42
-18
-23
-41
-65
-77
-86
-86
-76
-49
-25
-34
-44
-70
-66
-46
-3
19
58
81
68
56
36
18
1
-9
-22
-21
-31
-27
-20
-2
18
22
19
16
6
0
-15
-17
-30
-31
-36
-18
-4
3
5
8
31
52
84
75
54
23
1
-11
-13
16
38
65
89
112
127
112
92
46
26
18
16
6
-7
-9
-15
-28
-34
-48
-44
-25
-9
-7
-11
-17
-22
-40
-59
-62
-68
-60
-28
4
16
7
-20
-40
-60
-82
-99
-103
-74
-78
-73
-80
-72
-59
-39
-26
-5
-6
-18
-37
-77
-102
-112
-97
-60
-38
-26
-41
-41
-35
-34
-45
-56
-63
-70
-61
-42
-33
-26
-30
-16
-19
-12
-20
-5
-3
-8
-33
-72
-89
-82
-63
-57
-42
-30
-18
-9
-15
-21
-46
-59
-79
-103
-115
-112
-89
-69
-44
-15
-6
7
-6
-15
-26
-28
-41
-51
-73
-75
-75
-74
-44
-26
-1
26
44
53
67
62
66
44
36
26
24
-5
-19
-48
-56
-34
-13
16
17
38
63
54
45
9
-30
-51
-57
-60
-48
-33
-12
9
8
17
3
-13
-12
-24
-26
-32
-13
-7
-8
-1
-3
10
22
33
26
8
-3
-5
-11
-9
-17
-35
-49
-37
-27
-17
-21
-10
-4
-10
-25
-47
-56
-46
-31
-2
20
53
61
51
42
34
19
15
0
-8
-14
-32
-46
-55
-52
-24
-1
5
8
-1
-22
-38
-38
-56
-55
-51
-36
-26
-35
-44
-63
-68
-48
-43
-30
-45
-49
-61
-65
-66
-63
-58
-52
-26
-36
-35
-37
-30
-19
-47
-53
-59
-31
-13
4
1
3
0
-14
-31
-20
1
44
77
93
90
84
87
69
55
35
39
53
71
97
108
107
112
96
83
49
21
9
-10
-1
4
11
25
66
90
95
87
21
-40
-93
-107
-86
-53
-30
-20
-18
-10
-15
-24
-15
-18
8
11
8
23
16
6
-3
-15
-26
-19
-1
13
21
20
-12
-48
-82
-89
-77
-63
-47
-38
-16
13
42
51
30
13
-9
-59
-82
-121
-145
-159
-151
-123
-92
-36
3
44
57
43
9
-42
-76
-107
-127
-110
-87
-53
-42
-21
8
20
24
-6
-49
-66
-72
-64
-66
-79
-78
-103
-113
-104
-71
-34
-4
1
3
-13
-21
-41
-44
-26
-11
-1
-8
-16
-35
-55
-60
-60
-53
-50
-54
-48
-57
-53
-68
-88
-96
-104
-106
-96
-85
-72
-66
-53
-42
-45
-36
-46
-44
-59
-63
-46
-39
-30
-13
-4
-5
-23
-25
-13
4
16
3
5
-5
3
-8
-26
-42
-33
-21
-11
18
24
42
54
41
14
-4
-22
-32
-39
-44
-40
-70
-68
-82
-79
-70
-48
-26
-25
-22
-17
-29
-21
-39
-43
-67
-73
-80
-69
-48
-33
-29
-52
-62
-70
-57
-47
-40
-42
-40
-18
-14
-14
-32
-32
-25
-21
-24
-33
-48
-47
-40
-52
-52
-34
-21
-8
-8
-3
-1
0
-7
-15
-18
-15
-13
-13
-21
-27
-35
-45
-52
-51
-61
-52
-49
-41
-42
-27
-38
-41
-52
-30
-5
9
19
11
1
-14
-7
-13
-10
-2
0
12
9
8
3
-14
-34
-70
-88
-94
-77
-61
-53
-47
-47
-55
-64
-58
-58
-35
-13
-1
-2
-19
-14
-27
-16
6
12
25
13
-8
-32
-49
-57
-60
-56
-50
-33
-35
-14
-21
-37
-43
-43
-39
-40
-32
-31
-30
-54
-69
-78
-65
-56
-36
-36
-32
-33
-53
-53
-59
-56
-47
-51
-48
-59
-74
-76
-66
-51
-31
-22
-6
-3
-11
-16
-47
-54
-46
-26
-10
-6
-2
-25
-36
-58
-67
-66
-61
-57
-51
-44
-40
-44
-63
-67
-70
-78
-88
-87
-69
-53
-38
-38
-63
-70
-75
-66
-62
-77
-98
-113
-103
-72
-47
-40
-30
-35
-34
-44
-64
-88
-95
-96
-84
-82
-75
-48
-21
-5
9
0
-26
-37
-37
-36
-21
-17
-16
-2
-4
5
-4
6
-1
10
3
6
21
10
2
-29
-50
-72
-60
-64
-69
-66
-79
-81
-95
-84
-61
-49
-43
-48
-48
-60
-62
-70
-70
-65
-50
-19
-1
4
15
-2
4
-1
-8
-13
-23
-31
-38
-14
6
2
5
-13
-38
-50
-53
-43
-33
-28
-32
-40
-64
-68
-50
-37
-17
-10
2
-2
-9
-39
-65
-75
-60
-45
-40
-37
-28
-36
-31
-38
-54
-46
-30
-20
-8
-17
-21
-37
-47
-40
-33
-27
-14
-18
-10
-14
-24
-31
-48
-69
-75
-84
-63
-39
-24
-31
-37
-22
-8
-14
-35
-79
-98
-81
-43
