-4
-10
-25
-47
-56
-46
-31
-2
20
53
61
51
42
34
19
15
0
-8
-14
-32
-46
-55
-52
-24
-1
5
8
-1
-22
-38
-38
-56
-55
-51
-36
-26
-35
-44
-63
-68
-48
-43
-30
-45
-49
-61
-65
-66
-63
-58
-52
-26
-36
-35
-37
-30
-19
-47
-53
-59
-31
-13
4
1
3
0
-14
-31
-20
1
44
77
93
90
84
87
69
55
35
39
53
71
97
108
107
112
96
83
49
21
9
-10
-1
4
11
25
66
90
95
87
21
-40
-93
-107
-86
-53
-30
-20
-18
-10
-15
-24
-15
-18
8
11
8
23
16
6
-3
-15
-26
-19
-1
13
21
20
-12
-48
-82
-89
-77
-63
-47
-38
-16
13
42
51
30
13
-9
-59
-82
-121
-145
-159
-151
-123
-92
-36
3
44
57
43
9
-42
-76
-107
-127
-110
-87
-53
-42
-21
8
20
24
-6
-49
-66
-72
-64
-66
-79
-78
-103
-113
-104
-71
-34
-4
1
3
-13
-21
-41
-44
-26
-11
-1
-8
-16
-35
-55
-60
-60
-53
-50
-54
-48
-57
-53
-68
-88
-96
-104
-106
-96
-85
-72
-66
-53
-42
-45
-36
-46
-44
-59
-63
-46
-39
-30
-13
-4
-5
-23
-25
-13
4
16
3
5
-5
3
-8
-26
-42
-33
-21
-11
18
24
42
54
41
14
-4
-22
-32
-39
-44
-40
-70
-68
-82
-79
-70
-48
-26
-25
-22
-17
-29
-21
-39
-43
-67
-73
-80
-69
-48
-33
-29
-52
-62
-70
-57
-47
-40
-42
-40
-18
-14
-14
-32
-32
-25
-21
-24
-33
-48
-47
-40
-52
-52
-34
-21
-8
-8
-3
-1
0
-7
-15
-18
-15
-13
-13
-21
-27
-35
-45
-52
-51
-61
-52
-49
-41
-42
-27
-38
-41
-52
-30
-5
9
19
11
1
-14
-7
-13
-10
-2
0
12
9
8
3
-14
-34
-70
-88
-94
-77
-61
-53
-47
-47
-55
-64
-58
-58
-35
-13
-1
-2
-19
-14
-27
-16
6
12
25
13
-8
-32
-49
-57
-60
-56
-50
-33
-35
-14
-21
-37
-43
-43
-39
-40
-32
-31
-30
-54
-69
-78
-65
-56
-36
-36
-32
-33
-53
-53
-59
-56
-47
-51
-48
-59
-74
-76
-66
-51
-31
-22
-6
-3
-11
-16
-47
-54
-46
-26
-10
-6
-2
-25
-36
-58
-67
-66
-61
-57
-51
-44
-40
-44
-63
-67
-70
-78
-88
-87
-69
-53
-38
-38
-63
-70
-75
-66
-62
-77
-98
-113
-103
-72
-47
-40
-30
-35
-34
-44
-64
-88
-95
-96
-84
-82
-75
-48
-21
-5
9
0
-26
-37
-37
-36
-21
-17
-16
-2
-4
5
-4
6
-1
10
3
6
21
10
2
-29
-50
-72
-60
-64
-69
-66
-79
-81
-95
-84
-61
-49
-43
-48
-48
-60
-62
-70
-70
-65
-50
-19
-1
4
15
-2
4
-1
-8
-13
-23
-31
-38
-14
6
2
5
-13
-38
-50
-53
-43
-33
-28
-32
-40
-64
-68
-50
-37
-17
-10
2
-2
-9
-39
-65
-75
-60
-45
-40
-37
-28
-36
-31
-38
-54
-46
-30
-20
-8
-17
-21
-37
-47
-40
-33
-27
-14
-18
-10
-14
-24
-31
-48
-69
-75
-84
-63
-39
-24
-31
-37
-22
-8
-14
-35
-79
-98
-81
-43
-11
18
41
52
48
32
26
-1
-24
-44
-53
-37
-18
-3
0
-2
-5
-7
-20
-23
-26
-1
1
10
-6
-27
-14
-9
-1
-3
-4
0
-11
3
-18
-25
-35
-29
-20
-35
-48
-41
-35
-18
-13
-23
-15
-9
-15
-9
-24
-12
-11
5
15
25
13
10
25
5
-6
-31
-23
-11
14
23
21
0
-31
-33
-45
-28
-23
-34
-11
-6
8
1
-10
-25
-44
-51
-54
-38
-52
-46
-50
-44
-52
-53
-66
-77
-50
-30
-12
-10
-11
-9
-19
-29
-36
-48
-45
-56
-53
-54
-35
-36
-48
-48
-48
-48
-49
-54
-67
-57
-56
-50
-76
-88
-84
-61
-57
-55
-52
-43
-43
-41
-46
-50
-27
-23
-36
-51
-62
-67
-105
-130
-157
-158
-137
-122
-113
-95
-73
-42
-50
-62
-90
-91
-89
-85
-93
-95
-101
-92
-95
-91
-84
-57
-36
-23
-26
-36
-46
-49
-57
-68
-55
-22
-20
-1
-5
-13
-25
-44
-44
-55
-51
-36
-6
4
16
16
-2
-10
-27
-52
-73
-91
-80
-57
-31
-16
-5
-22
-26
-34
-50
-75
-104
-129
-145
-138
-130
-117
-100
-74
-67
-73
-76
-89
-63
-60
-43
-50
-58
-44
-41
-26
-27
-4
8
27
46
46
37
25
18
11
-4
-16
-23
-33
-18
-13
-14
-29
-36
-44
-51
-47
-36
-19
-2
4
18
13
28
31
43
57
61
23
-23
-54
-38
-23
-1
4
13
1
-4
-34
-43
-59
-61
-60
-48
-22
-19
-11
-6
9
16
29
16
5
-22
-40
-38
-39
-33
-15
12
18
23
20
17
14
5
-6
7
7
20
4
3
1
-2
-1
-1
-2
-11
-15
-3
7
-10
-25
-59
-74
-73
-43
-12
6
24
19
22
11
1
-7
-16
-10
-1
-2
-1
5
1
-12
-21
-51
-63
-73
-68
-65
-61
-46
-42
-45
-33
-21
-6
-18
-34
-52
-57
-50
-19
-17
-18
-16
-11
-9
-24
-26
-24
-10
-8
-19
-24
-33
-28
-26
-7
13
21
16
16
21
18
11
13
9
-1
0
-6
-4
-7
4
21
34
40
45
31
14
-2
-20
-64
-61
-68
-48
-13
8
-2
-38
-68
-95
-102
-90
-77
-61
-53
-29
-15
4
-2
3
-14
-18
-14
-19
-39
-46
-47
-39
-37
-34
-42
-46
-32
-33
-30
-24
-25
-30
-45
-48
-50
-59
-64
-70
-64
-61
-39
-31
