-67
-70
-78
-88
-87
-69
-53
-38
-38
-63
-70
-75
-66
-62
-77
-98
-113
-103
-72
-47
-40
-30
-35
-34
-44
-64
-88
-95
-96
-84
-82
-75
-48
-21
-5
9
0
-26
-37
-37
-36
-21
-17
-16
-2
-4
5
-4
6
-1
10
3
6
21
10
2
-29
-50
-72
-60
-64
-69
-66
-79
-81
-95
-84
-61
-49
-43
-48
-48
-60
-62
-70
-70
-65
-50
-19
-1
4
15
-2
4
-1
-8
-13
-23
-31
-38
-14
6
2
5
-13
-38
-50
-53
-43
-33
-28
-32
-40
-64
-68
-50
-37
-17
-10
2
-2
-9
-39
-65
-75
-60
-45
-40
-37
-28
-36
-31
-38
-54
-46
-30
-20
-8
-17
-21
-37
-47
-40
-33
-27
-14
-18
-10
-14
-24
-31
-48
-69
-75
-84
-63
-39
-24
-31
-37
-22
-8
-14
-35
-79
-98
-81
-43
-11
18
41
52
48
32
26
-1
-24
-44
-53
-37
-18
-3
0
-2
-5
-7
-20
-23
-26
-1
1
10
-6
-27
-14
-9
-1
-3
-4
0
-11
3
-18
-25
-35
-29
-20
-35
-48
-41
-35
-18
-13
-23
-15
-9
-15
-9
-24
-12
-11
5
15
25
13
10
25
5
-6
-31
-23
-11
14
23
21
0
-31
-33
-45
-28
-23
-34
-11
-6
8
1
-10
-25
-44
-51
-54
-38
-52
-46
-50
-44
-52
-53
-66
-77
-50
-30
-12
-10
-11
-9
-19
-29
-36
-48
-45
-56
-53
-54
-35
-36
-48
-48
-48
-48
-49
-54
-67
-57
-56
-50
-76
-88
-84
-61
-57
-55
-52
-43
-43
-41
-46
-50
-27
-23
-36
-51
-62
-67
-105
-130
-157
-158
-137
-122
-113
-95
-73
-42
-50
-62
-90
-91
-89
-85
-93
-95
-101
-92
-95
-91
-84
-57
-36
-23
-26
-36
-46
-49
-57
-68
-55
-22
-20
-1
-5
-13
-25
-44
-44
-55
-51
-36
-6
4
16
16
-2
-10
-27
-52
-73
-91
-80
-57
-31
-16
-5
-22
-26
-34
-50
-75
-104
-129
-145
-138
-130
-117
-100
-74
-67
-73
-76
-89
-63
-60
-43
-50
-58
-44
-41
-26
-27
-4
8
27
46
46
37
25
18
11
-4
-16
-23
-33
-18
-13
-14
-29
-36
-44
-51
-47
-36
-19
-2
4
18
13
28
31
43
57
61
23
-23
-54
-38
-23
-1
4
13
1
-4
-34
-43
-59
-61
-60
-48
-22
-19
-11
-6
9
16
29
16
5
-22
-40
-38
-39
-33
-15
12
18
23
20
17
14
5
-6
7
7
20
4
3
1
-2
-1
-1
-2
-11
-15
-3
7
-10
-25
-59
-74
-73
-43
-12
6
24
19
22
11
1
-7
-16
-10
-1
-2
-1
5
1
-12
-21
-51
-63
-73
-68
-65
-61
-46
-42
-45
-33
-21
-6
-18
-34
-52
-57
-50
-19
-17
-18
-16
-11
-9
-24
-26
-24
-10
-8
-19
-24
-33
-28
-26
-7
13
21
16
16
21
18
11
13
9
-1
0
-6
-4
-7
4
21
34
40
45
31
14
-2
-20
-64
-61
-68
-48
-13
8
-2
-38
-68
-95
-102
-90
-77
-61
-53
-29
-15
4
-2
3
-14
-18
-14
-19
-39
-46
-47
-39
-37
-34
-42
-46
-32
-33
-30
-24
-25
-30
-45
-48
-50
-59
-64
-70
-64
-61
-39
-31
-19
-26
-16
-22
-30
-39
-53
-70
-83
-101
-91
-92
-67
-84
-85
-86
-77
-58
-53
-31
-22
-39
-73
-107
-132
-146
-132
-127
-107
-86
-61
-41
-25
-8
3
2
-24
-53
-97
-105
-116
-104
-84
-46
0
19
28
36
38
25
-9
-27
-57
-78
-79
-71
-56
-29
-41
-43
-40
-32
-36
-53
-67
-73
-69
-61
-42
-53
-57
-53
-48
-29
-24
-20
-3
11
24
20
2
-8
-17
-26
-22
-1
2
-1
-8
7
30
45
62
76
63
42
22
0
7
8
22
2
2
-2
-2
23
32
47
66
52
50
17
-8
-24
-17
-18
-7
4
2
12
1
-9
-19
-5
15
22
24
20
-1
-14
-11
-4
10
18
26
21
3
-2
-13
-9
-3
23
26
32
30
5
-24
-39
-25
-31
-44
-68
-69
-77
-73
-78
-80
-61
-49
-17
-5
22
5
-26
-58
-74
-66
-61
-44
-29
-3
-6
-2
-19
-40
-56
-70
-80
-86
-75
-51
-33
-22
-28
-30
-40
-49
-75
-93
-86
-79
-72
-59
-57
-58
-61
-60
-43
-16
12
26
20
4
-4
-7
-16
-19
-15
-8
4
5
-1
-8
-20
-23
-31
-38
-48
-58
-63
-66
-39
-23
2
28
16
-10
-49
-83
-102
-107
-93
-73
-62
-41
-28
-24
3
-5
-9
-33
-52
-69
-81
-73
-50
-43
-29
-25
-15
5
25
51
40
11
-18
-46
-44
-40
-24
-38
-46
-49
-18
14
12
18
4
1
-20
-50
-70
-67
-49
-47
-39
-30
-16
-2
7
-2
-16
-44
-38
-47
-46
-51
-70
-85
-104
-93
-66
-48
-21
-6
-25
-48
-73
-81
-98
-90
-69
-53
-25
-28
-29
-17
-9
-14
-7
-24
-10
-28
-43
-39
-33
-36
-33
-42
-54
-44
-32
-23
-25
-24
-31
-49
-57
-46
-12
3
10
17
12
10
3
9
19
52
74
56
40
13
-2
-18
-18
-7
-13
-18
-24
-31
-26
-20
-13
1
-3
-19
-45
-66
-67
-52
-57
-53
-62
-62
-49
-12
26
41
38
20
-4
13
29
43
46
30
-2
-25
-28
-14
4
1
-2
-16
-23
-35
-41
-38
-35
-28
-22
-37
-36
-39
-36
-39
-43
-47
-55
-67
-71
-74
-72
-62
-74
-88
-86
-79
-68
-68
-60
-51
-50
-46
-30
-33
-52
-82
-89
-71
-48
-28
-24
-31
-30
-37
-38
-37
-29
-12
-1
