-19
25
61
77
83
67
48
3
-27
-55
-71
-52
-42
-29
-43
-41
-33
-4
11
46
55
44
14
-20
-59
-65
-57
-57
-62
-67
-60
-40
-21
8
10
-1
-16
-29
-36
-33
-37
-41
-46
-34
-32
2
17
49
43
57
33
12
-24
-43
-45
-46
-40
-35
-23
-34
-32
-30
-16
1
11
12
-31
-52
-75
-86
-81
-77
-56
-27
0
11
12
9
7
-1
-13
-26
-25
-20
-5
1
-2
-2
12
39
46
50
45
40
25
16
2
-39
-72
-99
-97
-79
-43
2
39
72
98
112
119
93
54
5
-18
-28
-46
-70
-85
-78
-51
10
61
81
94
111
117
110
80
60
16
-7
-28
-24
-31
-4
5
18
42
52
78
87
91
63
31
-29
-48
-64
-66
-48
-42
-35
-25
-15
-14
-18
-12
-15
-26
-52
-71
-82
-58
-51
-46
-68
-80
-80
-92
-72
-50
-11
6
8
4
-14
-30
-47
-58
-81
-91
-96
-86
-70
-58
-30
-33
-23
-23
-36
-42
-48
-51
-56
-70
-83
-93
-86
-75
-68
-76
-77
-107
-137
-142
-136
-124
-122
-136
-146
-149
-164
-143
-133
-115
-85
-69
-77
-91
-102
-117
-124
-137
-138
-144
-156
-145
-145
-140
-117
-101
-87
-87
-66
-52
-39
-41
-52
-64
-67
-78
-91
-92
-91
-97
-95
-91
-84
-66
-60
-78
-74
-82
-55
-43
-56
-79
-87
-101
-100
-98
-95
-87
-79
-57
-40
-29
-34
-58
-91
-109
-112
-106
-91
-72
-44
-19
3
9
12
-1
-1
-14
-35
-43
-37
-33
-22
-2
9
26
14
-1
-25
-21
-17
-26
-38
-73
-86
-93
-78
-59
-32
-20
-14
-43
-96
-115
-101
-56
-32
-18
-31
-42
-52
-57
-43
-37
-17
-6
-3
-8
4
-1
0
3
-17
-41
-65
-79
-80
-78
-45
-29
-1
15
19
-5
-35
-69
-70
-82
-71
-67
-45
-30
0
22
26
18
-2
-24
-36
-42
-35
-42
-31
-23
-19
-3
17
33
62
76
73
43
-7
-27
-40
-28
-15
1
-6
-4
-8
-7
-22
-17
-19
-35
-34
-42
-37
-24
-29
-23
-35
-25
-11
11
18
30
22
-1
-8
-21
-19
-13
-19
-9
-18
-16
6
27
63
82
67
40
16
13
26
49
72
80
75
60
53
54
44
24
-17
-56
-81
-89
-82
-63
-38
-8
17
34
51
41
44
50
38
-1
-40
-78
-106
-89
-58
-20
3
17
20
22
27
33
36
38
49
34
-7
-58
-90
-103
-83
-48
-24
-3
18
53
91
124
138
108
62
-4
-37
-44
-46
-43
-56
-71
-79
-57
-33
-5
10
16
3
-9
-39
-60
-61
-45
-31
-56
-75
-85
-76
-40
7
15
4
-24
-42
-34
-25
-21
-24
-49
-50
-64
-63
-60
-46
-40
-31
-42
-46
-69
-80
-65
-69
-53
-46
-32
-15
-3
1
0
-2
6
4
-8
-10
-27
-29
-33
-21
-5
-4
-18
-25
-24
-29
-29
-47
-55
-57
-58
-78
-102
-111
-90
-63
-20
15
22
25
14
-1
-20
-28
-28
-45
-51
-69
-80
-72
-45
-14
19
31
49
36
19
-2
-20
-37
-50
-52
-48
-26
3
21
51
65
96
82
78
89
98
91
60
9
-52
-91
-111
-104
-98
-76
-67
-65
-81
-81
-78
-72
-57
-70
-62
-65
-49
-44
-41
-21
-5
19
29
41
30
9
-2
7
-6
-29
-47
-56
-63
-70
-92
-113
-116
-122
-115
-110
-87
-79
-66
-79
-87
-94
-78
-62
-55
-61
-79
-90
-114
-107
-89
-78
-82
-73
-62
-47
-39
-38
-26
-24
-6
-19
-39
-76
-96
-106
-94
-83
-77
-77
-85
-68
-43
-17
29
30
15
-14
-43
-61
-74
-61
-54
-46
-35
-12
7
23
29
9
-13
-33
-20
-2
7
1
-10
-17
-2
-6
3
22
28
28
25
2
6
-16
-12
-15
-17
-1
13
38
38
27
37
38
43
38
13
-10
-33
-43
-46
-76
-74
-84
-88
-91
-100
-79
-74
-51
-33
-15
-5
-4
-26
-67
-85
-90
-96
-60
-43
-9
18
49
58
50
31
6
-9
-26
-20
-1
8
7
-8
-40
-47
-32
-21
-10
18
22
14
-5
-20
-26
-35
-51
-66
-80
-99
-112
-117
-122
-97
-81
-59
-46
-40
-36
-36
-9
-6
-9
-29
-62
-84
-102
-92
-73
-58
-34
-18
-11
-2
-1
1
-6
-8
16
21
19
-3
-18
-36
-51
-59
-60
-65
-66
-68
-63
-56
-41
-37
-22
-11
-15
-30
-46
-43
-52
-52
-54
-70
-73
-61
-25
6
8
4
-4
-23
-27
-40
-40
-43
-57
-72
-82
-75
-80
-89
-106
-87
-71
-51
-32
-2
20
35
25
3
-27
-44
-50
-52
-55
-42
-39
-23
-15
-9
-17
-23
-19
-30
-39
-48
-42
-40
-13
13
28
10
-27
-79
-111
-96
-56
0
23
24
-2
-27
-26
-12
-6
-5
-13
-23
-35
-19
-30
-16
-9
-4
1
-17
-19
-6
1
8
-11
-25
-46
-47
-60
-69
-75
-65
-29
-7
24
0
-15
-42
-43
-41
-36
-35
-39
-39
-30
-13
-16
-11
-7
-10
-28
-45
-31
-19
9
46
46
34
-3
-20
-33
-28
-23
3
16
36
43
46
33
30
9
7
-2
-19
-35
-41
-43
-28
-28
16
33
38
10
-2
-3
6
29
15
7
-10
-8
2
20
38
48
62
39
32
0
-9
-22
-36
-48
-59
-60
-58
-47
-23
-4
5
3
-6
-38
-37
-42
-22
-8
-2
-1
-5
-15
-36
-47
-69
-59
-38
-30
-12
-9
-14
-18
-21
-10
0
23
26
17
-16
-59
-73
-84
-88
-67
-66
-63
-51
-32
0
11
17
-6
